-0.194632,-0.133144,-0.00870882,0.010285,-0.012961,0.000846,0.262328,-1.80928,-2.02931,-1.64191,-1.88754,-1.04238,-0.00125275,0.000997088,-0,-0.0284745,-0.000862864,0.0299126,-0.00270388,-0.000115526,-0.00605409,-0.0089318,-0.0404962,0.0197905,0.629998,0.775971,0.0311718,0.77377,-0.630621,0.0599754,0.0661967,-0.0136646,-0.997713,0.126157,0.343953,-0.628826,
0.0273562,0.0634155,-0.0818674,-0.006387,0.003704,0.001194,0.262292,-1.8093,-2.02924,-1.6419,-1.88762,-1.04217,-0.00125275,0.00157233,0.00155955,0.00251669,-0.00884436,0.0292415,0.00127775,-0.00100964,0.00192119,-0.0116023,-0.00669903,0.0248774,0.630134,0.775862,0.0311433,0.773666,-0.630755,0.0599136,0.0661284,-0.0136591,-0.997718,0.126146,0.343964,-0.628846,
-0.188897,-0.153905,-0.0269961,0.011123,-0.013993,0.00019,0.262304,-1.80937,-2.02929,-1.64185,-1.88755,-1.04191,-0.0014445,0.00157233,0.00155955,-0.0031159,-0.00680704,0.0310152,0.000448111,-0.00060534,0.000722311,-0.0125471,-0.0133552,0.0244819,0.63035,0.775684,0.0311856,0.773483,-0.630973,0.0599858,0.0662073,-0.0136905,-0.997712,0.126191,0.343975,-0.62881,
0.125867,0.129717,-0.078633,-0.00942,0.009406,0.001068,0.26228,-1.8093,-2.02928,-1.64206,-1.88758,-1.04176,-0.0014445,0.00157233,-0,0.00424242,-0.00369114,0.0166101,0.00106113,0.000325672,0.00177972,-0.00819509,-0.0015369,0.0124709,0.630487,0.775568,0.0313095,0.773362,-0.631116,0.0600254,0.0663137,-0.0136316,-0.997706,0.126189,0.343985,-0.628809,
-0.138062,0.021175,-0.124291,-0.000303,-0.009767,0.000347,0.262292,-1.80934,-2.02932,-1.64184,-1.88758,-1.04173,-0.0014445,0.00141893,-0,0.0143811,-0.00254066,0.00651942,0.00191994,0.000839214,0.00411032,-0.00596241,0.012656,0.00477632,0.630481,0.775578,0.0311833,0.773378,-0.631103,0.0599678,0.0661896,-0.0136921,-0.997713,0.126176,0.343968,-0.628802,
0.106737,0.0328503,-0.0182544,-0.002301,0.00715,0.00048,0.26228,-1.80934,-2.02925,-1.64205,-1.88751,-1.04173,-0.00122718,0.00108657,-0,-0.0147406,-0.00191748,0.00651942,-0.00116288,2.21595e-05,-0.00285481,0.0012408,-0.0159067,0.00456035,0.630504,0.775555,0.0312839,0.773345,-0.631131,0.0600926,0.0663494,-0.0136954,-0.997702,0.126195,0.344007,-0.628811,
-0.0316203,-0.0329457,-0.10673,0.002326,-0.002687,0.001292,0.26228,-1.80932,-2.02928,-1.64191,-1.88757,-1.04171,-0.000971521,0.000882039,-0,0.0134463,-0.00155795,0.00369114,0.00163861,0.000694759,0.00360694,-0.00468841,0.0123865,0.00263357,0.630495,0.775566,0.0311891,0.773364,-0.631117,0.0599917,0.0662115,-0.013704,-0.997711,0.126167,0.343982,-0.628818,
0.020793,0.0139626,-0.0409469,-0.000876,0.00217,0.000593,0.262244,-1.8093,-2.02926,-1.64192,-1.8876,-1.04181,-0.00080534,0.000741424,-0,0.00807737,-0.0012943,-0.00894023,0.00104983,0.00049236,0.00228081,0.00359123,0.0129787,-0.00601624,0.630397,0.775647,0.0311796,0.773446,-0.631019,0.059976,0.0661951,-0.013693,-0.997713,0.126146,0.343991,-0.628821,
-0.0625249,-0.0234355,-0.0641574,0.002049,-0.004581,0.000691,0.262268,-1.8093,-2.02925,-1.64195,-1.88755,-1.04179,-0.000690291,0.000639159,-0,-0.00155795,-0.00112652,-0.0053929,4.1817e-05,0.000187494,-2.08697e-05,0.0040239,0.0018682,-0.00359337,0.630421,0.775628,0.0311731,0.773424,-0.631042,0.0600078,0.0662152,-0.0137201,-0.997711,0.126149,0.343992,-0.628829,
0.00196963,0.0161137,-0.0201919,-0.000546,-0.000193,0.000383,0.26228,-1.80931,-2.02925,-1.64192,-1.88755,-1.04177,-0.000600809,0.00056246,-0,-0.00155795,-0.000982706,-0.00323574,1.7724e-05,0.000157632,-6.14644e-05,0.0027426,0.000749133,-0.00212953,0.630443,0.77561,0.0311635,0.773407,-0.631064,0.0599951,0.066199,-0.0137214,-0.997712,0.126154,0.343986,-0.628831,
-0.0195779,-0.00382811,-0.0614084,0.000274,-0.001407,0.000317,0.262256,-1.80928,-2.02926,-1.64193,-1.88754,-1.04181,-0.00052411,0.000498544,-0,-0.00155795,-0.000862864,-0.00230097,-2.05477e-06,0.000131419,-9.52974e-05,0.00215539,0.000223751,-0.00149726,0.6304,0.775646,0.0311476,0.773442,-0.631019,0.0600196,0.0662087,-0.0137455,-0.997711,0.126132,0.343997,-0.628829,
0.00583104,0.0163886,-0.144075,-0.001194,-0.00023,0.000866,0.262268,-1.80936,-2.02926,-1.64193,-1.88755,-1.04178,-0.000472977,0.000447411,-0,-0.00155795,-0.000790959,-0.00179763,-1.6521e-05,0.000111653,-0.000123705,0.00183845,-7.65562e-05,-0.00115192,0.630443,0.775607,0.0312267,0.773402,-0.631067,0.0600284,0.0662647,-0.0136937,-0.997708,0.126187,0.343999,-0.628808,
0.0239137,-0.00477821,-0.0390714,0.000629,0.000403,-4.7e-05,0.262268,-1.80932,-2.02926,-1.64192,-1.88757,-1.04177,-0.000447411,0.000409062,-0,-0.00155795,-0.000719053,-0.00146208,-3.11428e-05,0.000108618,-0.000144003,0.00161154,-0.000285383,-0.000947056,0.630442,0.775609,0.031189,0.773407,-0.631064,0.0600006,0.0662193,-0.0137051,-0.997711,0.126163,0.34399,-0.628819,
-0.0266281,-0.0135289,-0.0625792,0.001175,-0.003097,0.000508,0.262268,-1.8093,-2.02922,-1.64195,-1.88754,-1.04179,-0.000447411,0,-0,-0.00141414,-0.000647148,-0.00122239,-0.000129948,9.97812e-05,-0.000365915,0.00149689,-0.000668139,-0.000833274,0.630413,0.775635,0.0311376,0.773433,-0.631032,0.0600068,0.0661922,-0.0137462,-0.997712,0.126138,0.343997,-0.628846,
-0.038742,0.021183,-0.0196065,-0.001514,-0.002783,0.000142,0.262244,-1.80931,-2.02924,-1.64196,-1.8876,-1.04179,-0.000447411,0,-0,-0.00119842,-0.000599211,-0.00107858,-0.000113487,0.000115995,-0.000312949,0.00132755,-0.000536588,-0.000768218,0.630411,0.775634,0.0312011,0.773432,-0.631034,0.0599843,0.0662148,-0.0136828,-0.997712,0.126155,0.343997,-0.628825,
-0.0214705,0.00332391,-0.0184727,0.000326,-0.002923,-0.000273,0.262232,-1.80928,-2.02925,-1.64192,-1.88755,-1.04181,-0.000447411,0,-0,-0.00103064,-0.000551274,-0.00093477,-0.000101928,0.000130882,-0.000271143,0.00117067,-0.000451425,-0.000703312,0.630381,0.775661,0.0311294,0.773458,-0.631,0.0600176,0.066196,-0.0137567,-0.997712,0.126121,0.344007,-0.62883,
-0.00120624,0.00304382,-0.10233,-0.000312,-0.001151,0.000487,0.262197,-1.80935,-2.02929,-1.64195,-1.88757,-1.04179,-0.00127832,0,-0,-0.000910801,-0.000527306,-0.000838896,-0.000203973,0.00065511,-0.000241872,0.00106957,-0.000385422,-0.00148522,0.6304,0.775641,0.0312493,0.773433,-0.631025,0.0600773,0.0663175,-0.0137035,-0.997704,0.126173,0.344031,-0.628781,
0.0288868,0.0166996,-0.058158,-0.000189,-0.000574,-0.000285,0.262185,-1.80931,-2.02926,-1.64196,-1.88755,-1.04183,-0.00127832,0,-0,-0.000814927,-0.000479369,-0.00076699,-0.000199698,0.000668042,-0.000216832,0.000971369,-0.000335722,-0.00146943,0.630355,0.77568,0.0312021,0.773471,-0.630977,0.060081,0.0662915,-0.0137385,-0.997706,0.126143,0.344038,-0.628799,
0.00938003,-0.0101771,-0.0813965,0.000579,-0.000268,0.000311,0.262185,-1.80931,-2.02925,-1.64191,-1.88759,-1.04179,-0.00127832,0,-0,-0.000743022,-0.000455401,-0.000695085,-0.000195145,0.000675154,-0.000198725,0.000896015,-0.000304659,-0.00143698,0.63037,0.775669,0.0311622,0.773465,-0.630991,0.0600263,0.0662236,-0.013736,-0.99771,0.126132,0.344028,-0.62881,
0.0210612,-0.00310531,-0.0392276,0.000967,-0.000156,-5.3e-05,0.262173,-1.80929,-2.02926,-1.64192,-1.88755,-1.04184,-0.00162346,0.00076699,-0,-0.000671117,-0.000431432,-0.000647148,-3.96043e-05,0.000949453,0.000305886,0.000635252,0.000478446,-0.00176602,0.630326,0.775705,0.0311484,0.773498,-0.630945,0.0600692,0.0662489,-0.01377,-0.997708,0.126117,0.344039,-0.628806,
0.00566496,-0.0066936,-0.0386233,0.000934,-0.0012,-0.000275,0.262197,-1.80923,-2.02925,-1.64196,-1.8876,-1.04182,-0.00162346,0.00076699,-0,-0.00062318,-0.000407464,-0.000599211,-3.74782e-05,0.000955904,0.000318393,0.000579452,0.00049769,-0.00174993,0.630351,0.775686,0.0311349,0.773484,-0.63097,0.0599944,0.066182,-0.0137352,-0.997713,0.126095,0.34401,-0.628832,
-0.0164872,0.0164176,-0.103305,-0.000234,-0.002186,0.000681,0.262161,-1.80924,-2.02925,-1.6419,-1.88763,-1.04181,-0.0015979,0.00076699,-0,-0.000575243,-9.58738e-05,-0.000551274,-6.46228e-05,0.00100845,0.000347023,0.000323872,0.000463267,-0.00190809,0.63033,0.775704,0.0310993,0.773504,-0.630947,0.0599816,0.06615,-0.0137528,-0.997715,0.126082,0.344022,-0.628826,
-0.0069332,0.00741427,-0.0393947,0.000371,-0.00226,-7.8e-05,0.262137,-1.80925,-2.02929,-1.64195,-1.88765,-1.04183,-0.00118884,0.00203252,-0,-0.000551274,-9.58738e-05,-0.000503337,0.000318192,0.000842527,0.00115532,-3.69577e-05,0.0016861,-0.00146622,0.63032,0.775709,0.0311922,0.773505,-0.630943,0.0600098,0.0662306,-0.013698,-0.99771,0.126107,0.344031,-0.628795,
0.00552905,-0.00419507,-0.0612772,0.000942,-0.001587,0.000322,0.262113,-1.80925,-2.02926,-1.64195,-1.88763,-1.04182,-0.00115049,0.00203252,-0,-0.000503337,-0.00297209,-0.000479369,0.000655627,0.000200436,0.00100537,0.00193538,0.00225713,0.000586746,0.630311,0.775717,0.0311615,0.773512,-0.630931,0.0600413,0.0662358,-0.0137409,-0.997709,0.126092,0.344051,-0.6288,
0.0259831,0.000534189,-0.0388231,2.3e-05,-0.000765,-5.5e-05,0.262125,-1.80924,-2.02922,-1.64193,-1.88769,-1.04181,-0.00115049,0.0015979,-0,-0.000479369,-0.00297209,-0.000455401,0.000546308,0.000171128,0.000735242,0.00202853,0.00184926,0.000602959,0.630312,0.775718,0.0311204,0.773519,-0.630931,0.0599522,0.0661408,-0.0137163,-0.997716,0.126077,0.344032,-0.628831,
0.0221431,-0.00339704,-0.0594608,0.00064,2.1e-05,-7.5e-05,0.262137,-1.80918,-2.02925,-1.64196,-1.88769,-1.04179,-0.00115049,0.00141893,-0,-0.000455401,-0.00297209,-0.000431432,0.000502726,0.00015942,0.000627287,0.00205533,0.00168827,0.000619339,0.630327,0.775705,0.0311201,0.773507,-0.630946,0.0599431,0.0661333,-0.0137122,-0.997717,0.126059,0.344016,-0.628832,
0.0417451,0.000580545,-0.12302,2.6e-05,0.001032,0.000702,0.262125,-1.8092,-2.02925,-1.64191,-1.8877,-1.04177,-0.00115049,0.00141893,-0,-0.000431432,-0.00246875,-0.000407464,0.000447857,0.000268493,0.000661073,0.00168614,0.00160628,0.000286006,0.630334,0.7757,0.0311028,0.773503,-0.630952,0.0599326,0.0661141,-0.0137195,-0.997718,0.126061,0.34402,-0.628827,
0.0259837,0.0248408,-0.0583344,-0.00241,1.7e-05,-6.8e-05,0.262101,-1.80914,-2.02929,-1.64191,-1.88769,-1.04179,-0.000958738,0.00267168,-0,-0.000407464,-0.00189351,-0.000383495,0.000732871,0.00036048,0.00149343,0.000942391,0.00272083,9.4488e-05,0.630298,0.775731,0.0310772,0.773533,-0.630914,0.0599533,0.0661147,-0.0137492,-0.997717,0.126028,0.344025,-0.628821,
-0.00150808,0.0468818,-0.100727,-0.002605,-0.001116,0.000282,0.262113,-1.80912,-2.02926,-1.64193,-1.8877,-1.04178,-0.000792557,0.00259498,-0,-0.000383495,-0.00153398,-0.000359527,0.000696993,0.000330164,0.00147051,0.000692907,0.00259159,2.72702e-05,0.630308,0.775723,0.0310604,0.773527,-0.630924,0.0599252,0.0660821,-0.0137453,-0.99772,0.126016,0.344016,-0.62884,
-0.0193044,0.00343168,-0.0182945,-0.000315,-0.002948,-0.000271,0.262089,-1.80916,-2.02925,-1.64193,-1.8877,-1.04181,-0.000677508,0.0016746,-0,-0.000359527,-0.0012943,-0.000359527,0.000450754,0.000247498,0.000905793,0.000758687,0.00168109,-2.415e-05,0.630282,0.775744,0.0310801,0.773546,-0.630898,0.0599506,0.0661147,-0.0137439,-0.997717,0.126028,0.344034,-0.62883,
-0.0279906,-0.0530985,-0.0212484,0.003182,-0.004089,0.000128,0.262101,-1.8091,-2.02926,-1.64195,-1.8877,-1.04178,-0.000588026,0.00122718,-0,-0.000335558,-0.00110255,-0.000335558,0.000328288,0.000203038,0.000638329,0.000721838,0.00122507,-5.15208e-05,0.630299,0.775731,0.0310494,0.773535,-0.630914,0.0599299,0.0660789,-0.013756,-0.99772,0.126001,0.34402,-0.628843,
-0.0251211,-0.0570528,-0.0640702,0.002827,-0.003157,0.000714,0.262089,-1.80913,-2.02924,-1.64198,-1.88772,-1.04175,-0.000588026,0.000971521,-0,-0.000335558,-0.000958738,7.19053e-05,0.000246124,0.000216374,0.000484247,0.000461281,0.00075899,0.00012713,0.630332,0.775703,0.0310997,0.773506,-0.630949,0.0599327,0.0661123,-0.0137216,-0.997718,0.126023,0.344029,-0.628837,
0.00414294,-0.0224371,-0.0395104,0.000819,-0.001214,-6.6e-05,0.262113,-1.80916,-2.02926,-1.64196,-1.88772,-1.04175,-0.000588026,0.00080534,-0,-0.00031159,-0.000862864,7.19053e-05,0.000194868,0.00022621,0.000389806,0.00043149,0.000603771,6.05431e-05,0.63035,0.775687,0.0311218,0.77349,-0.630969,0.0599234,0.0661187,-0.0137002,-0.997718,0.126045,0.344016,-0.628827,
0.0340264,0.012066,-0.080531,-0.001198,0.000715,0.000331,0.262089,-1.80912,-2.02929,-1.64192,-1.88772,-1.04176,-0.000588026,0.000690291,-0,-0.00031159,-0.000790959,7.19053e-05,0.0001571,0.000233747,0.000320852,0.000411385,0.000479248,1.05664e-05,0.630317,0.775715,0.0310786,0.773519,-0.630933,0.0599245,0.0660929,-0.0137315,-0.997719,0.126016,0.344021,-0.628824,
0.0225888,0.0223038,-0.0383078,-0.00178,0.000424,-4.3e-05,0.262077,-1.80912,-2.02926,-1.64193,-1.88773,-1.04175,-0.000588026,0.000600809,-0,-0.000287621,-0.000790959,7.19053e-05,0.000136518,0.000228227,0.000269687,0.000428372,0.000415967,1.05599e-05,0.630317,0.775715,0.0310719,0.77352,-0.630933,0.0599181,0.0660836,-0.0137327,-0.99772,0.12601,0.344027,-0.628831,
0.000765658,0.0041534,-0.0389133,-0.000948,-0.001168,-6.4e-05,0.262077,-1.80916,-2.02928,-1.64191,-1.88771,-1.04176,-0.000588026,0.000536893,-0,-0.000287621,-0.000790959,7.19053e-05,0.000120063,0.000223816,0.000229155,0.000444917,0.000354231,1.05725e-05,0.630313,0.775719,0.0310839,0.773521,-0.630929,0.0599482,0.0661147,-0.0137421,-0.997717,0.126028,0.344035,-0.628818,
-0.0170936,-0.024598,-0.102559,0.001761,-0.002801,0.000257,0.262089,-1.8091,-2.02926,-1.64195,-1.88769,-1.04173,-0.000588026,0.000536893,-0,-0.000263653,-0.000790959,7.19053e-05,0.000122511,0.000224467,0.000234739,0.000438722,0.000377394,1.05545e-05,0.63033,0.775706,0.0310446,0.773509,-0.630944,0.0599497,0.0660907,-0.0137748,-0.997719,0.125997,0.344029,-0.628839,
-0.0130739,-0.0503075,-0.0195159,0.003219,-0.00304,-0.000275,0.262065,-1.80911,-2.02926,-1.64193,-1.88773,-1.04171,-0.000588026,0.000536893,-0,-0.000263653,-0.000790959,0.00131826,0.000122513,0.000224466,0.000234733,-0.000255193,-0.000210924,0.000862479,0.630336,0.775701,0.0310608,0.773505,-0.630951,0.0599227,0.0660799,-0.0137458,-0.99772,0.126,0.344032,-0.628832,
-0.00917736,-0.0492806,-0.082499,0.002573,-0.003074,0.00028,0.262101,-1.8091,-2.02924,-1.64196,-1.88773,-1.0417,-0.000588026,0.000536893,-0,-0.000263653,-0.000790959,0.00131826,0.000122511,0.000224474,0.000234735,-0.000255168,-0.000210929,0.000862483,0.630362,0.77568,0.0310518,0.773486,-0.630977,0.0598925,0.0660503,-0.0137359,-0.997722,0.126,0.344014,-0.628853,
-0.0157939,-0.0265918,-0.0392356,0.001428,-0.002234,-0.00029,0.262077,-1.8091,-2.02926,-1.64196,-1.88771,-1.04171,-0.000511327,0.000536893,-0,-0.000239685,-0.000790959,0.00131826,0.000135236,0.000177514,0.000240324,-0.000261431,-0.000187755,0.000939182,0.630345,0.775694,0.0310632,0.773497,-0.63096,0.0599403,0.0660949,-0.0137557,-0.997719,0.125999,0.344031,-0.628836,
0.00562558,-0.0052533,-0.0183008,0.00062,-0.001402,-0.000252,0.262065,-1.8091,-2.02928,-1.64193,-1.88775,-1.04169,-0.000460194,0.000536893,-0,-0.000239685,-0.000790959,0.00131826,0.000142096,0.000145774,0.000240316,-0.000261394,-0.000187788,0.000990307,0.630355,0.775686,0.0310647,0.77349,-0.63097,0.0599114,0.0660733,-0.0137372,-0.99772,0.125997,0.344026,-0.62883,
-0.00253073,0.00325463,-0.102421,-0.000312,-0.001151,0.000487,0.262077,-1.8091,-2.02928,-1.64195,-1.88771,-1.04165,-0.000421845,0.000536893,-0,-0.000239685,-0.000790959,0.00131826,0.000147239,0.000121972,0.000240322,-0.00026143,-0.000187755,0.00102866,0.630391,0.775656,0.0310628,0.773459,-0.631006,0.0599401,0.0660937,-0.0137599,-0.997719,0.126,0.344029,-0.628831,
-0.00513357,0.0052075,-0.0393,3.2e-05,-0.001702,-7.2e-05,0.262065,-1.80906,-2.02925,-1.64195,-1.88771,-1.04164,-0.000396278,0.000536893,-0,-0.000215716,-0.000790959,0.0018216,0.000153117,0.000106756,0.000245905,-0.000547787,-0.000402149,0.00139831,0.630381,0.775666,0.0310095,0.773471,-0.630993,0.0599284,0.0660513,-0.0137928,-0.997721,0.125968,0.344032,-0.62885,
0.00316,-0.00359267,-0.0816955,0.000953,-0.001969,0.000295,0.262077,-1.8091,-2.02924,-1.64193,-1.88772,-1.04165,-0.000396278,0.000536893,-0,-0.000215716,-0.000790959,0.0018216,0.000153109,0.00010676,0.000245909,-0.000547794,-0.00040218,0.0013983,0.630381,0.775665,0.0310253,0.773471,-0.630994,0.0599129,0.0660491,-0.0137708,-0.997721,0.125988,0.344028,-0.628849,
-0.00135489,-0.0187077,-0.0398153,0.001496,-0.002332,-7.8e-05,0.262065,-1.80908,-2.02925,-1.64195,-1.88772,-1.04163,-0.000396278,0.000498544,-0,-0.000215716,-0.000719053,0.0018216,0.000135059,0.0001196,0.000225614,-0.000587844,-0.00045262,0.00134835,0.630396,0.775653,0.031035,0.773458,-0.631009,0.0599255,0.0660647,-0.0137725,-0.99772,0.125984,0.344033,-0.628843,
0.00284559,-0.019571,-0.0192358,0.000843,-0.001974,-4.9e-05,0.262041,-1.80908,-2.02926,-1.64191,-1.88776,-1.04164,-0.000396278,0.000447411,-0,-0.000191748,-0.000647148,0.0018216,0.000116154,0.000132209,0.000202793,-0.000630712,-0.000492289,0.0012984,0.630369,0.775676,0.0310262,0.773482,-0.630982,0.0599017,0.0660412,-0.013762,-0.997722,0.125976,0.344035,-0.628836,
0.00995151,0.00996342,-0.123459,7.1e-05,-0.001048,0.000675,0.262041,-1.80911,-2.02924,-1.64197,-1.88772,-1.04166,-0.000396278,0.000409062,-0,-0.000191748,-0.000599211,0.00172573,0.000100827,0.000139894,0.000181169,-0.000600829,-0.00049298,0.00119954,0.630363,0.775679,0.031066,0.773481,-0.630978,0.0599553,0.066108,-0.0137646,-0.997718,0.125994,0.344051,-0.628834,
-0.00256971,0.00302759,-0.039156,-0.000306,-0.001143,-6.6e-05,0.262041,-1.80911,-2.02924,-1.64193,-1.88775,-1.04165,-0.000396278,0.000383495,-0,-0.000191748,-0.000551274,0.00141414,8.87931e-05,0.000148455,0.000167636,-0.000453962,-0.000379554,0.000953274,0.630365,0.775678,0.031043,0.773483,-0.630978,0.0599209,0.0660668,-0.0137608,-0.99772,0.125988,0.344043,-0.628837,
0.0322489,0.0164529,-0.0805611,-0.001162,-0.000427,0.000321,0.262065,-1.8091,-2.02926,-1.64197,-1.88777,-1.04161,-0.000396278,0.000345146,-0,-0.000191748,-0.000527306,0.00119842,7.61924e-05,0.000150972,0.000144653,-0.000340614,-0.000319288,0.000789148,0.630416,0.775634,0.0310948,0.77344,-0.631034,0.0598975,0.0660805,-0.0137104,-0.99772,0.126004,0.344024,-0.628832,
0.0151836,0.0126553,-0.0395028,-0.00088,-0.001266,0.000148,0.262065,-1.80913,-2.02925,-1.64195,-1.88772,-1.04167,-0.000396278,0.000319579,-0,-0.000191748,-0.000479369,0.00103064,6.41549e-05,0.000159536,0.000131132,-0.000273905,-0.000273672,0.000641181,0.630369,0.775673,0.0310772,0.773476,-0.630985,0.0599418,0.0661045,-0.013748,-0.997718,0.126013,0.344039,-0.62883,
0.0118436,0.0114682,-0.0397451,-0.000238,-0.001241,0.000145,0.262053,-1.80908,-2.02925,-1.64198,-1.88777,-1.04164,-0.000396278,0.000306796,-0,-0.000167779,-0.000455401,0.000910801,6.05789e-05,0.000164468,0.000129948,-0.000226702,-0.0002108,0.000542611,0.630388,0.775657,0.0310834,0.773463,-0.631005,0.059902,0.0660772,-0.0137197,-0.99772,0.125993,0.34403,-0.628837,
0.0222762,0.00282351,-0.102309,0.000356,-0.001332,0.000492,0.262029,-1.8091,-2.02929,-1.64197,-1.88772,-1.04164,-0.000396278,0.00028123,-0,-0.000167779,-0.000431432,0.000814927,5.12738e-05,0.000167862,0.000115079,-0.000183405,-0.000194674,0.00046043,0.630382,0.775662,0.0310972,0.773462,-0.630999,0.0599763,0.0661436,-0.0137555,-0.997715,0.125998,0.344052,-0.628812,
0.024554,0.00200219,-0.059191,3.4e-05,-0.001147,-8.2e-05,0.262065,-1.80911,-2.02928,-1.64196,-1.88771,-1.04164,-0.000396278,0.000268447,-0,-0.000167779,-0.000407464,0.000743022,4.52505e-05,0.000172147,0.000108317,-0.000156697,-0.000177543,0.000394637,0.630399,0.775649,0.0310834,0.77345,-0.631015,0.059957,0.0661196,-0.0137553,-0.997717,0.126007,0.344038,-0.628824,
0.0231664,0.000813834,-0.0819691,0.000344,-0.00095,0.000519,0.262041,-1.8091,-2.02923,-1.64197,-1.88773,-1.04163,-0.000396278,0.000255663,-0,-0.000167779,-0.000383495,0.000671117,3.9241e-05,0.00017643,0.000101552,-0.000129965,-0.000160419,0.000328843,0.630385,0.775661,0.0310492,0.773464,-0.630999,0.0599361,0.0660821,-0.0137674,-0.997719,0.125985,0.344047,-0.628843,
0.0202914,0.00109308,-0.0594972,0.000676,-0.001122,-8.4e-05,0.262041,-1.80912,-2.02926,-1.64196,-1.88772,-1.0416,-0.000383495,0.00024288,-0,-0.000167779,-0.000359527,0.00062318,3.49342e-05,0.000172775,9.47881e-05,-0.000116651,-0.000154608,0.000292205,0.630414,0.775636,0.0310871,0.773437,-0.63103,0.0599635,0.0661268,-0.0137579,-0.997716,0.126006,0.34405,-0.62882,
0.0187984,0.0016996,-0.0392967,0.001003,-0.001298,-6.3e-05,0.262053,-1.8091,-2.02925,-1.64193,-1.88773,-1.04163,-0.000345146,0.000230097,-0,-0.000167779,-0.000359527,0.000575243,3.67903e-05,0.000148088,8.66779e-05,-8.66064e-05,-0.000144325,0.000297795,0.630389,0.775658,0.0310388,0.773463,-0.631003,0.0599231,0.0660654,-0.0137676,-0.99772,0.125986,0.344037,-0.628838,
0.0196938,-0.0118291,-0.103226,0.000579,-0.001904,0.000695,0.262041,-1.80908,-2.02926,-1.64198,-1.88773,-1.04164,-0.000319579,0.000217314,-0,-0.000143811,-0.000335558,0.000551274,3.66385e-05,0.000137153,8.55007e-05,-9.28432e-05,-0.000126682,0.000290322,0.630384,0.775661,0.0310809,0.773463,-0.631,0.0599483,0.0661116,-0.0137505,-0.997717,0.125991,0.344044,-0.628828,
0.0178036,-0.0110721,-0.0197886,0.000912,-0.002072,0.000163,0.262053,-1.80912,-2.02928,-1.64201,-1.88772,-1.04164,-0.000306796,0.000204531,-0,-0.000143811,-0.00031159,0.000503337,3.23306e-05,0.000133503,7.87394e-05,-7.95339e-05,-0.000120875,0.000253684,0.630406,0.775641,0.0311404,0.77344,-0.631025,0.0599751,0.0661695,-0.0137234,-0.997714,0.126023,0.344045,-0.628813,
0.0068452,-0.00497308,-0.0814882,0.000615,-0.00141,0.000301,0.262065,-1.8091,-2.02922,-1.64195,-1.88772,-1.04165,-0.00028123,0.000191748,-0,-0.000143811,-0.00031159,0.000479369,3.24744e-05,0.000116752,7.06305e-05,-6.27991e-05,-0.000121889,0.000262882,0.630372,0.775673,0.0310143,0.773478,-0.630984,0.0599175,0.0660459,-0.0137815,-0.997721,0.125981,0.344037,-0.628856,
0.0190694,-0.0119103,-0.040002,0.000585,-0.001896,0.000142,0.262041,-1.80912,-2.02925,-1.64196,-1.88773,-1.04165,-0.000268447,0.000191748,-0,-0.000143811,-0.000287621,0.000455401,3.14603e-05,0.00011398,7.19738e-05,-6.61444e-05,-0.000115055,0.000242624,0.630375,0.775669,0.0310805,0.773471,-0.630991,0.0599481,0.0661114,-0.0137499,-0.997718,0.126003,0.344048,-0.628826,
0.0300892,-0.0204509,-0.0392639,0.001184,-0.001978,-6.5e-05,0.262053,-1.80912,-2.02928,-1.64198,-1.88773,-1.0416,-0.000255663,0.000178964,-0,-0.000143811,-0.000287621,0.000431432,2.98838e-05,0.000105163,6.38659e-05,-4.95089e-05,-0.000116095,0.000239021,0.630428,0.775623,0.0311232,0.773424,-0.631047,0.0599557,0.0661432,-0.0137263,-0.997716,0.126019,0.344041,-0.628816,
0.0272481,-0.0210459,-0.102746,0.00182,-0.001961,0.000486,0.262053,-1.8091,-2.02924,-1.64197,-1.8877,-1.04164,-0.00024288,0.000178964,-0,-0.000143811,-0.000263653,0.000407464,2.88743e-05,0.000102392,6.52105e-05,-5.279e-05,-0.000109227,0.00021878,0.630385,0.775662,0.0310474,0.773463,-0.630998,0.0599647,0.0661032,-0.0137869,-0.997718,0.125988,0.344048,-0.62884,
-0.000771474,-0.0188815,-0.0397742,0.001496,-0.002332,-7.8e-05,0.262053,-1.8091,-2.02925,-1.64198,-1.88776,-1.04165,-0.000230097,0.000166181,-0,-0.000143811,-0.000263653,0.000383495,2.72986e-05,9.35755e-05,5.70999e-05,-3.61328e-05,-0.000110284,0.000215174,0.630382,0.775663,0.0310896,0.773467,-0.630998,0.0599172,0.066093,-0.0137239,-0.997719,0.125999,0.344034,-0.628834,
0.00163502,-0.0023448,-0.0615059,0.00128,-0.002146,0.000316,0.262053,-1.80908,-2.02925,-1.64198,-1.88772,-1.04163,-0.000217314,0.000166181,-0,-0.000143811,-0.000263653,0.000359527,2.90146e-05,8.56405e-05,5.71011e-05,-2.27887e-05,-9.89572e-05,0.000211578,0.630397,0.775651,0.0310661,0.773454,-0.631012,0.0599464,0.0661006,-0.0137618,-0.997718,0.125989,0.344041,-0.628837,
0.00279981,-0.0178304,-0.0395158,0.000855,-0.002356,-7.6e-05,0.262053,-1.8091,-2.02924,-1.64195,-1.88775,-1.04164,-0.000204531,0.000153398,-0,-0.000119842,-0.000239685,0.000335558,2.71452e-05,8.26402e-05,5.59229e-05,-2.89772e-05,-8.13106e-05,0.000191328,0.63038,0.775665,0.0310435,0.773471,-0.630994,0.0599122,0.0660601,-0.0137562,-0.997721,0.125987,0.344036,-0.628843,
0.00524914,-0.00525873,-0.0183256,0.00062,-0.001402,-0.000252,0.262053,-1.8091,-2.02926,-1.64195,-1.88775,-1.04164,-0.000191748,0.000153398,-0,-0.000119842,-0.000239685,0.000335558,2.88593e-05,7.4705e-05,5.59224e-05,-2.89864e-05,-8.1313e-05,0.00020411,0.630386,0.77566,0.0310646,0.773465,-0.631001,0.0599203,0.0660796,-0.0137455,-0.99772,0.125994,0.344034,-0.628831,
0.0259011,0.00332684,-0.102039,-0.000286,-0.001356,0.000494,0.262053,-1.80908,-2.02926,-1.64197,-1.88778,-1.04165,-0.000191748,0.000140615,-0,-0.000119842,-0.000239685,0.00031159,2.55705e-05,7.3823e-05,4.78131e-05,-1.23292e-05,-8.23571e-05,0.000187724,0.630379,0.775664,0.0310883,0.77347,-0.630997,0.0598906,0.0660716,-0.013708,-0.997721,0.125995,0.344026,-0.628833,
0.011922,0.0102744,-0.0194705,-0.00025,-0.000859,0.000173,0.262041,-1.80907,-2.02926,-1.64197,-1.88776,-1.04161,-0.000178964,0.000140615,-0,-0.000119842,-0.000215716,0.00031159,2.45591e-05,7.10511e-05,4.91572e-05,-2.89826e-05,-8.68158e-05,0.00018386,0.630398,0.77565,0.0310684,0.773455,-0.631013,0.0599179,0.06608,-0.0137421,-0.99772,0.125983,0.344036,-0.628833,
0.0123639,0.00811655,-0.0600645,-0.000262,-0.000481,0.000128,0.262053,-1.8091,-2.02928,-1.64198,-1.88775,-1.04161,-0.000178964,0.000140615,-0,-0.000119842,-0.000215716,0.000287621,2.45566e-05,7.1052e-05,4.91584e-05,-1.56543e-05,-7.55035e-05,0.000167476,0.630414,0.775635,0.0311064,0.773438,-0.631032,0.0599364,0.066118,-0.0137259,-0.997717,0.126005,0.344035,-0.628822,
0.0242773,0.00232164,-0.0592137,3.4e-05,-0.001147,-8.2e-05,0.262041,-1.8091,-2.02924,-1.64197,-1.88773,-1.04165,-0.000166181,0.000127832,-0,-0.000119842,-0.000215716,0.000287621,2.29839e-05,6.2236e-05,4.10517e-05,-1.23295e-05,-8.78429e-05,0.000180261,0.63037,0.775674,0.0310598,0.773477,-0.630984,0.0599401,0.0660922,-0.0137604,-0.997719,0.125988,0.344047,-0.628837,
0.0117114,0.0113339,-0.039752,-0.000238,-0.001241,0.000145,0.262017,-1.80908,-2.0292,-1.64199,-1.88773,-1.04159,-0.000166181,0.000127832,-0,-0.000119842,-0.000215716,0.000263653,2.29869e-05,6.22366e-05,4.10523e-05,1.02142e-06,-7.65277e-05,0.000163879,0.630397,0.775652,0.0310372,0.773455,-0.63101,0.0599493,0.0660846,-0.013786,-0.997719,0.12597,0.344062,-0.628849,
0.0120429,0.010989,-0.10299,-0.000243,-0.001249,0.000698,0.262065,-1.8091,-2.02926,-1.64201,-1.88772,-1.0416,-0.000153398,0.000127832,-0,-0.000119842,-0.000191748,0.000263653,2.19689e-05,5.94653e-05,4.23954e-05,-1.56555e-05,-8.09988e-05,0.000160011,0.630432,0.77562,0.0311097,0.773422,-0.63105,0.0599543,0.0661336,-0.0137362,-0.997716,0.126008,0.344037,-0.628828,
0.0121579,0.0115951,-0.039726,-0.000238,-0.001241,0.000145,0.262041,-1.8091,-2.02926,-1.64199,-1.88777,-1.04163,-0.000153398,0.000115049,-0,-0.000119842,-0.000191748,0.000263653,1.86809e-05,5.85826e-05,3.4286e-05,-1.23365e-05,-9.33551e-05,0.000160008,0.630399,0.775648,0.0311149,0.773451,-0.631017,0.0599231,0.0661133,-0.0137096,-0.997718,0.126004,0.344038,-0.628824,
0.012291,0.0100928,-0.0803495,-0.00025,-0.000863,0.000101,0.262065,-1.80908,-2.02925,-1.64198,-1.88775,-1.04161,-0.000140615,0.000115049,-0,-0.000119842,-0.000191748,0.000239685,2.03952e-05,5.06484e-05,3.42866e-05,1.01865e-06,-8.20332e-05,0.000156411,0.630413,0.775638,0.0310752,0.773442,-0.631029,0.0599155,0.0660821,-0.0137366,-0.99772,0.125994,0.344029,-0.62884,
0.0262981,7.60323e-05,-0.0591038,-0.000304,-0.000588,-7.6e-05,0.262017,-1.80911,-2.02926,-1.64196,-1.88778,-1.04163,-0.000140615,0.000115049,-0,-0.000119842,-0.000191748,0.000239685,2.03961e-05,5.06476e-05,3.42856e-05,1.01511e-06,-8.20417e-05,0.000156409,0.630381,0.775663,0.0310973,0.773467,-0.630998,0.0599209,0.0661007,-0.0137202,-0.997719,0.125998,0.344047,-0.628818,
0.0245244,0.000756817,-0.0389229,2.3e-05,-0.000765,-5.5e-05,0.262041,-1.80908,-2.02928,-1.64198,-1.88775,-1.04161,-0.000140615,0.000115049,-0,-9.58738e-05,-0.000191748,0.000239685,2.28297e-05,5.13e-05,3.98732e-05,-5.19925e-06,-5.88848e-05,0.000156411,0.630405,0.775643,0.0310953,0.773446,-0.631022,0.0599411,0.0661148,-0.0137366,-0.997717,0.125995,0.34404,-0.628823,
-0.00370726,0.00197599,-0.122826,3e-06,-0.00095,0.000463,0.262041,-1.8091,-2.02926,-1.64198,-1.88776,-1.04164,-0.000127832,0.000115049,-0,-9.58738e-05,-0.000167779,0.000239685,2.1816e-05,4.85296e-05,4.12168e-05,-2.18509e-05,-6.33537e-05,0.000152543,0.630387,0.775658,0.0311001,0.773461,-0.631004,0.0599302,0.0661096,-0.0137245,-0.997718,0.126,0.34404,-0.628825,
-0.0085611,0.00480892,-0.0395589,0.000674,-0.001677,-7.5e-05,0.262017,-1.80907,-2.02928,-1.64198,-1.88778,-1.04164,-0.000127832,0.000115049,-0,-9.58738e-05,-0.000167779,0.000239685,2.18179e-05,4.85284e-05,4.12152e-05,-2.18464e-05,-6.33573e-05,0.000152542,0.630371,0.775671,0.0310969,0.773474,-0.630989,0.0599207,0.0661005,-0.0137197,-0.997719,0.125985,0.344043,-0.628821,
0.00566697,-0.00330698,-0.101842,0.000626,-0.001792,0.000274,0.262053,-1.8091,-2.02925,-1.64203,-1.88773,-1.04161,-0.000127832,0.000115049,-0,-9.58738e-05,-0.000167779,0.000239685,2.18159e-05,4.85307e-05,4.12183e-05,-2.18624e-05,-6.33516e-05,0.000152543,0.630419,0.775631,0.0311236,0.773432,-0.631038,0.0599558,0.0661438,-0.0137253,-0.997716,0.126008,0.344042,-0.628829,
0.00369909,-0.0190611,-0.0191863,0.000843,-0.001974,-4.9e-05,0.262029,-1.80906,-2.02925,-1.64201,-1.88775,-1.04161,-0.000115049,0.000115049,-0,-9.58738e-05,-0.000167779,0.000239685,2.35333e-05,4.05948e-05,4.12166e-05,-2.18465e-05,-6.33492e-05,0.000165328,0.630393,0.775654,0.0310741,0.773456,-0.631009,0.0599418,0.0661022,-0.0137525,-0.997718,0.125976,0.344046,-0.628836,
0.00281676,-0.017729,-0.0395161,0.000855,-0.002356,-7.6e-05,0.262041,-1.8091,-2.02926,-1.64198,-1.88775,-1.04163,-0.000115049,0.000115049,-0,-9.58738e-05,-0.000167779,0.000239685,2.35308e-05,4.05952e-05,4.12171e-05,-2.18522e-05,-6.33512e-05,0.000165327,0.630396,0.775651,0.0310958,0.773453,-0.631013,0.0599413,0.0661153,-0.0137356,-0.997717,0.125999,0.344043,-0.628825,
0.00218173,-0.0205262,-0.102876,0.001153,-0.001781,0.000481,0.262041,-1.80908,-2.02925,-1.64196,-1.88775,-1.04163,-0.000115049,0.000115049,-0,-9.58738e-05,-0.000167779,0.000239685,2.35316e-05,4.05949e-05,4.12167e-05,-2.18391e-05,-6.33477e-05,0.000165329,0.630386,0.775661,0.0310531,0.773465,-0.631,0.0599248,0.0660758,-0.0137572,-0.99772,0.125983,0.344041,-0.628836,
0.00296557,-0.0194056,-0.0192302,0.000843,-0.001974,-4.9e-05,0.262005,-1.8091,-2.02924,-1.64196,-1.88776,-1.04158,-0.000115049,0.000115049,-0,-9.58738e-05,-0.000143811,0.000239685,2.08049e-05,4.5758e-05,4.25605e-05,-3.84939e-05,-6.78155e-05,0.000148679,0.630404,0.775646,0.0310563,0.773449,-0.631018,0.05994,0.0660893,-0.0137659,-0.997719,0.125979,0.34406,-0.62883,
0.00400332,-0.00492829,-0.0613682,0.000942,-0.001587,0.000322,0.262005,-1.8091,-2.02923,-1.64197,-1.88772,-1.04161,-0.000102265,0.000115049,-0,-9.58738e-05,-0.000143811,0.000239685,2.25198e-05,3.78238e-05,4.25617e-05,-3.84978e-05,-6.78081e-05,0.000161464,0.630375,0.77567,0.0310434,0.773471,-0.630988,0.0599733,0.0661075,-0.0137945,-0.997717,0.125975,0.344069,-0.628834,
-0.00858348,0.00405279,-0.03955,0.000674,-0.001677,-7.5e-05,0.262029,-1.80908,-2.02928,-1.64202,-1.88777,-1.04164,-0.000102265,0.000115049,-0,-9.58738e-05,-0.000143811,0.000239685,2.25181e-05,3.78239e-05,4.25597e-05,-3.85123e-05,-6.78245e-05,0.000161457,0.630388,0.775655,0.0311355,0.773457,-0.631008,0.05994,0.0661395,-0.0137035,-0.997716,0.126002,0.344043,-0.628817,
-0.00823749,0.00503613,-0.0395406,0.000674,-0.001677,-7.5e-05,0.262053,-1.8091,-2.02924,-1.64202,-1.88776,-1.0416,-0.000102265,0.000115049,-0,-9.58738e-05,-0.000143811,0.000239685,2.25176e-05,3.78253e-05,4.25611e-05,-3.8506e-05,-6.78214e-05,0.000161459,0.630424,0.775627,0.0311116,0.773431,-0.631042,0.0599257,0.0661127,-0.0137159,-0.997718,0.126004,0.344037,-0.628835,
-0.00811264,0.00483335,-0.102794,0.000669,-0.001685,0.000478,0.262029,-1.8091,-2.02926,-1.64196,-1.88779,-1.04161,-0.000102265,0.000115049,-0,-9.58738e-05,-0.000143811,0.000239685,2.25178e-05,3.78237e-05,4.25591e-05,-3.84944e-05,-6.78255e-05,0.000161459,0.630394,0.775652,0.0310916,0.773458,-0.631012,0.059897,0.0660784,-0.0137107,-0.99772,0.125995,0.344037,-0.628825,
0.0066368,-0.00185615,-0.0181883,0.000317,-0.001985,-0.000255,0.262017,-1.8091,-2.02925,-1.64199,-1.88777,-1.04164,-0.000102265,0.000115049,-0,-9.58738e-05,-0.000143811,0.000239685,2.25186e-05,3.7824e-05,4.25603e-05,-3.85038e-05,-6.78216e-05,0.000161459,0.630374,0.775668,0.0311029,0.773471,-0.630991,0.0599363,0.0661164,-0.0137251,-0.997718,0.125994,0.344051,-0.628824,
0.0078946,-0.00370626,-0.0610909,0.0003,-0.001612,0.000325,0.262029,-1.80907,-2.02924,-1.64198,-1.88776,-1.04161,-8.94822e-05,0.000115049,-0,-9.58738e-05,-0.000143811,0.000239685,2.42343e-05,2.98897e-05,4.256e-05,-3.84923e-05,-6.78164e-05,0.000174245,0.630389,0.775658,0.0310573,0.773462,-0.631003,0.0599226,0.0660767,-0.0137528,-0.99772,0.125976,0.344045,-0.62884,
0.0234802,0.00382004,-0.0186332,4.7e-05,-0.001525,-3.8e-05,0.262029,-1.80908,-2.02925,-1.64201,-1.88772,-1.04163,-8.94822e-05,0.000115049,-0,-9.58738e-05,-0.000143811,0.000239685,2.42334e-05,2.98896e-05,4.25613e-05,-3.85083e-05,-6.78123e-05,0.000174245,0.630389,0.775657,0.0310866,0.773457,-0.631005,0.0599722,0.0661336,-0.0137616,-0.997716,0.125989,0.344055,-0.628828,
0.0265027,0.00159489,-0.0184572,-0.000292,-0.000966,-3.1e-05,0.262041,-1.80908,-2.02929,-1.64197,-1.88777,-1.04161,-8.94822e-05,0.000115049,-0,-9.58738e-05,-0.000143811,0.000239685,2.42321e-05,2.98891e-05,4.2559e-05,-3.85023e-05,-6.78226e-05,0.000174242,0.630406,0.775643,0.0311044,0.773446,-0.631023,0.0599191,0.0661034,-0.0137157,-0.997719,0.125998,0.344033,-0.628819,
0.0146538,0.00961749,-0.102853,-0.000582,-0.000691,0.000704,0.262029,-1.8091,-2.02928,-1.64205,-1.88777,-1.04159,-8.94822e-05,0.000115049,-0,-9.58738e-05,-0.000143811,0.000239685,2.42323e-05,2.989e-05,4.25604e-05,-3.85244e-05,-6.78278e-05,0.000174238,0.630436,0.775615,0.0311778,0.773415,-0.631058,0.0599563,0.066178,-0.0136852,-0.997714,0.126018,0.344046,-0.62881,
0.0286054,0.00370617,0.00199822,-0.000607,-0.001168,-8e-06,0.262029,-1.80906,-2.02923,-1.64199,-1.88775,-1.0416,-8.94822e-05,0.000115049,-0,-7.19053e-05,-0.000143811,0.000239685,2.66692e-05,3.05426e-05,4.81472e-05,-4.46994e-05,-4.46628e-05,0.000174247,0.630395,0.775654,0.0310425,0.773458,-0.631009,0.0599296,0.0660727,-0.0137693,-0.99772,0.125967,0.344048,-0.628848,
0.0134755,0.0107342,-0.0599346,-0.000565,-0.001064,0.000124,0.262053,-1.80907,-2.02924,-1.64199,-1.88773,-1.04158,-8.94822e-05,0.000115049,-0,-7.19053e-05,-0.000143811,0.000239685,2.66675e-05,3.05431e-05,4.81477e-05,-4.47057e-05,-4.4663e-05,0.000174246,0.630432,0.775623,0.0310603,0.773426,-0.631047,0.0599314,0.0660847,-0.0137598,-0.997719,0.125982,0.344038,-0.628844,
-0.00119921,0.00436437,-0.0187385,-0.000621,-0.001345,-4.3e-05,0.262029,-1.80907,-2.02929,-1.64199,-1.88776,-1.0416,-8.94822e-05,0.000115049,-0,-7.19053e-05,-0.000143811,0.000239685,2.66667e-05,3.05415e-05,4.81463e-05,-4.47163e-05,-4.46701e-05,0.000174242,0.630411,0.775638,0.0311101,0.77344,-0.631029,0.059943,0.0661254,-0.0137269,-0.997717,0.125992,0.344042,-0.628817,
-0.000759157,0.00472043,-0.0187142,-0.000621,-0.001345,-4.3e-05,0.262041,-1.80905,-2.02926,-1.64199,-1.88777,-1.04157,-8.94822e-05,0.000115049,-0,-7.19053e-05,-0.000143811,0.000239685,2.66683e-05,3.05422e-05,4.81456e-05,-4.47022e-05,-4.46698e-05,0.000174244,0.630435,0.77562,0.0310723,0.773425,-0.631051,0.0599067,0.066073,-0.0137352,-0.99772,0.125974,0.344031,-0.628838,
-0.00307506,-0.0130845,-0.100877,-0.000422,-0.001161,7.1e-05,0.262041,-1.8091,-2.02925,-1.64198,-1.88777,-1.04159,-8.94822e-05,0.000115049,-0,-7.19053e-05,-0.000143811,0.000239685,2.66662e-05,3.05428e-05,4.81472e-05,-4.47083e-05,-4.46715e-05,0.000174243,0.630421,0.77563,0.0310934,0.773434,-0.631038,0.0599148,0.0660929,-0.0137229,-0.997719,0.125998,0.344038,-0.628831,
-0.00525048,-0.0123786,-0.0174581,-9e-05,-0.001329,-0.000461,0.262005,-1.80908,-2.02923,-1.64198,-1.88778,-1.04159,-8.94822e-05,0.000115049,-0,-7.19053e-05,-0.000143811,0.000239685,2.66687e-05,3.05424e-05,4.81469e-05,-4.46995e-05,-4.467e-05,0.000174244,0.630394,0.775653,0.0310651,0.773458,-0.63101,0.0599174,0.0660775,-0.013744,-0.99772,0.125976,0.344054,-0.628837,
-0.00697758,-0.0121718,-0.060532,0.000232,-0.001514,0.000113,0.262017,-1.80908,-2.02928,-1.64198,-1.88778,-1.0416,-8.94822e-05,0.000115049,-0,-7.19053e-05,-0.000143811,0.000239685,2.66668e-05,3.05416e-05,4.81461e-05,-4.4711e-05,-4.46738e-05,0.000174241,0.630402,0.775645,0.0311074,0.773449,-0.63102,0.0599248,0.0661098,-0.0137167,-0.997718,0.125992,0.344045,-0.628817,
-0.00506785,-0.0123117,-0.0174469,-9e-05,-0.001329,-0.000461,0.262029,-1.80908,-2.02928,-1.64199,-1.88777,-1.0416,-8.94822e-05,0.000115049,-0,-7.19053e-05,-0.000143811,0.000239685,2.66664e-05,3.0542e-05,4.81466e-05,-4.47149e-05,-4.46726e-05,0.000174241,0.630411,0.775638,0.031114,0.773441,-0.631029,0.0599317,0.0661191,-0.0137167,-0.997717,0.125997,0.344042,-0.628819,
0.00707702,-0.00192128,-0.0181582,0.000317,-0.001985,-0.000255,0.262005,-1.80906,-2.02928,-1.64199,-1.88778,-1.04159,-8.94822e-05,0.000115049,-0,-7.19053e-05,-0.000143811,0.000239685,2.66684e-05,3.05412e-05,4.81455e-05,-4.47085e-05,-4.46724e-05,0.000174242,0.630402,0.775646,0.0310964,0.773449,-0.631019,0.0599294,0.0661064,-0.0137282,-0.997718,0.125978,0.344048,-0.62882,
0.00573066,-0.00339876,-0.101837,0.000626,-0.001792,0.000274,0.262005,-1.80908,-2.02929,-1.64199,-1.88775,-1.04159,-8.94822e-05,0.000115049,-0,-7.19053e-05,-0.000143811,0.000239685,2.66668e-05,3.05409e-05,4.8147e-05,-4.47217e-05,-4.46674e-05,0.000174242,0.630409,0.775639,0.0311153,0.773439,-0.631027,0.0599756,0.066154,-0.0137433,-0.997715,0.125992,0.344059,-0.628807,
-0.0106433,-0.0275174,-0.0185923,0.000775,-0.001877,-0.000261,0.262017,-1.8091,-2.02923,-1.64198,-1.88781,-1.04158,-8.94822e-05,0.000115049,-0,-7.19053e-05,-0.000143811,0.000239685,2.66676e-05,3.05429e-05,4.81466e-05,-4.46994e-05,-4.46763e-05,0.000174242,0.630413,0.775637,0.0310848,0.773443,-0.63103,0.0598905,0.0660688,-0.0137135,-0.997721,0.125988,0.344044,-0.628836,
-0.0275309,-0.0187549,-0.0603568,0.001143,-0.00195,-0.000107,0.262029,-1.80908,-2.02925,-1.64196,-1.88777,-1.0416,-8.94822e-05,0.000115049,-0,-7.19053e-05,-0.000143811,0.000239685,2.66673e-05,3.05422e-05,4.81465e-05,-4.46997e-05,-4.46685e-05,0.000174245,0.630398,0.775651,0.0310612,0.773455,-0.631013,0.0599113,0.0660703,-0.0137435,-0.99772,0.125982,0.344042,-0.628834,
-0.0259994,-0.0357802,-0.0180682,0.000706,-0.001779,-0.000472,0.261993,-1.80905,-2.02924,-1.64198,-1.88778,-1.0416,-8.94822e-05,0.000115049,-0,-7.19053e-05,-0.000143811,0.000239685,2.66706e-05,3.05414e-05,4.81455e-05,-4.46939e-05,-4.46678e-05,0.000174245,0.630373,0.775671,0.0310431,0.773476,-0.630987,0.0599178,0.0660643,-0.0137595,-0.99772,0.125954,0.344055,-0.628838,
-0.0280402,-0.0354489,0.00210089,0.001033,-0.001955,-0.000451,0.262017,-1.80908,-2.0293,-1.64201,-1.88777,-1.04158,-8.94822e-05,0.000115049,-0,-7.19053e-05,-0.000143811,0.000239685,2.66659e-05,3.05412e-05,4.81463e-05,-4.47248e-05,-4.46745e-05,0.000174239,0.630431,0.77562,0.031146,0.773421,-0.631051,0.0599529,0.0661554,-0.0137072,-0.997715,0.126004,0.344047,-0.628804,
-0.0102139,-0.0271954,-0.0818327,0.00077,-0.001885,0.000292,0.262017,-1.80906,-2.02925,-1.64202,-1.88778,-1.0416,-8.94822e-05,0.000115049,-0,-7.19053e-05,-0.000143811,0.000239685,2.66687e-05,3.05422e-05,4.81462e-05,-4.47081e-05,-4.4673e-05,0.000174242,0.630399,0.775648,0.0310973,0.773452,-0.631017,0.0599209,0.0661004,-0.0137218,-0.997719,0.125979,0.344045,-0.628832,
-0.00876711,-0.0131492,-0.0177179,0.000551,-0.001304,-0.000463,0.262029,-1.80908,-2.02929,-1.64198,-1.88778,-1.04159,-8.94822e-05,0.000115049,-0,-7.19053e-05,-0.000143811,0.000239685,2.6666e-05,3.05417e-05,4.81459e-05,-4.47136e-05,-4.46752e-05,0.000174241,0.63042,0.77563,0.0311189,0.773433,-0.631039,0.0599203,0.0661132,-0.0137066,-0.997718,0.125999,0.344037,-0.628815,
-0.00659167,-0.0117674,-0.060512,0.000232,-0.001514,0.000113,0.262029,-1.8091,-2.02924,-1.64199,-1.88781,-1.04158,-8.94822e-05,0.000115049,-0,-7.19053e-05,-0.000143811,0.000239685,2.66668e-05,3.05431e-05,4.81465e-05,-4.4705e-05,-4.46784e-05,0.000174241,0.630425,0.775627,0.0311064,0.773432,-0.631043,0.05989,0.0660817,-0.0136974,-0.99772,0.125997,0.344037,-0.628833,
-0.00285367,0.00375337,-0.0391848,-0.000306,-0.001143,-6.6e-05,0.262029,-1.80906,-2.02926,-1.64199,-1.88777,-1.04158,-8.94822e-05,0.000115049,-0,-7.19053e-05,-0.000143811,0.000215716,2.6668e-05,3.0542e-05,4.8146e-05,-3.1361e-05,-3.33563e-05,0.000157861,0.630422,0.77563,0.0310828,0.773434,-0.631038,0.0599196,0.0660899,-0.0137342,-0.997719,0.125979,0.344039,-0.628831,
-0.00474182,0.00386033,-0.0190026,2.1e-05,-0.00132,-4.5e-05,0.262029,-1.80904,-2.02929,-1.64198,-1.88777,-1.04161,-8.94822e-05,0.000115049,-0,-7.19053e-05,-0.000143811,0.000215716,2.66686e-05,3.05411e-05,4.81447e-05,-3.1358e-05,-3.33555e-05,0.000157861,0.630391,0.775656,0.0310718,0.77346,-0.631007,0.0599154,0.0660802,-0.0137374,-0.99772,0.125968,0.344034,-0.628828,
0.00785585,-0.0056279,-0.10172,0.000288,-0.001234,0.00028,0.262017,-1.80904,-2.02929,-1.64199,-1.88778,-1.04158,-8.94822e-05,0.000115049,-0,-7.19053e-05,-0.000143811,0.000215716,2.66689e-05,3.0541e-05,4.81445e-05,-3.136e-05,-3.33582e-05,0.00015786,0.630415,0.775635,0.0310863,0.773439,-0.631032,0.0599166,0.0660899,-0.013729,-0.997719,0.125969,0.344038,-0.628824,
0.00995558,-0.00759865,-0.0383453,-4.6e-05,-0.000667,-0.000267,0.262005,-1.80905,-2.02926,-1.64202,-1.88776,-1.04157,-8.94822e-05,0.000115049,-0,-7.19053e-05,-0.000143811,0.000215716,2.66693e-05,3.05413e-05,4.81462e-05,-3.13658e-05,-3.33541e-05,0.000157861,0.63042,0.775631,0.031088,0.773433,-0.631037,0.0599522,0.0661185,-0.0137506,-0.997717,0.12597,0.344055,-0.628826,
0.010372,0.0101545,-0.0601697,7.7e-05,-0.001039,0.000122,0.262005,-1.80905,-2.02925,-1.64199,-1.88777,-1.0416,-8.94822e-05,0.000115049,-0,-7.19053e-05,-0.000143811,0.000191748,2.66698e-05,3.05415e-05,4.81458e-05,-1.8011e-05,-2.20405e-05,0.000141478,0.630385,0.775661,0.0310598,0.773465,-0.630999,0.0599286,0.066083,-0.0137544,-0.997719,0.125962,0.344051,-0.628835,
0.0116119,0.011399,-0.0397595,-0.000238,-0.001241,0.000145,0.262041,-1.80906,-2.02926,-1.64202,-1.88776,-1.04159,-8.94822e-05,0.000115049,-0,-7.19053e-05,-0.000143811,0.000191748,2.66676e-05,3.05424e-05,4.81466e-05,-1.80222e-05,-2.20421e-05,0.000141478,0.630424,0.775628,0.0311005,0.773431,-0.631041,0.0599303,0.0661093,-0.0137274,-0.997718,0.125986,0.344037,-0.628832,
0.015541,0.0287372,-0.0386977,-0.000764,-0.001252,-6.1e-05,0.262017,-1.80907,-2.02929,-1.64196,-1.88781,-1.04159,-8.94822e-05,0.000115049,-0,-7.19053e-05,-0.000143811,0.000191748,2.66671e-05,3.05412e-05,4.81446e-05,-1.80131e-05,-2.20482e-05,0.000141476,0.630406,0.775642,0.0310954,0.773448,-0.631024,0.0598946,0.0660787,-0.0137073,-0.99772,0.125985,0.344035,-0.628818,
0.0160114,0.0109947,-0.0824366,-0.000896,-0.000892,0.000728,0.262017,-1.8091,-2.02923,-1.64199,-1.88777,-1.0416,-8.94822e-05,0.000115049,-0,-7.19053e-05,-0.000143811,0.000191748,2.66676e-05,3.05428e-05,4.81477e-05,-1.80163e-05,-2.20422e-05,0.000141478,0.630397,0.775651,0.0310823,0.773454,-0.631013,0.0599283,0.0660968,-0.0137379,-0.997719,0.125988,0.344053,-0.628835,
0.0261505,0.018117,-0.0177051,-0.000177,-0.000952,-0.00024,0.262005,-1.80906,-2.02923,-1.64199,-1.88782,-1.04157,-8.94822e-05,0.000115049,-0,-7.19053e-05,-0.000143811,0.000167779,2.66698e-05,3.05424e-05,4.81453e-05,-4.66027e-06,-1.07334e-05,0.000125093,0.630411,0.77564,0.0310675,0.773446,-0.631027,0.05988,0.0660497,-0.01372,-0.997722,0.125967,0.344044,-0.628843,
0.00962954,0.0104859,-0.0602234,7.7e-05,-0.001039,0.000122,0.262029,-1.8091,-2.02924,-1.64199,-1.88781,-1.04158,-8.94822e-05,0.000115049,-0,-7.19053e-05,-0.000143811,0.000167779,2.66668e-05,3.05431e-05,4.81465e-05,-4.6708e-06,-1.07345e-05,0.000125094,0.630425,0.775627,0.0311064,0.773432,-0.631043,0.05989,0.0660817,-0.0136974,-0.99772,0.125997,0.344037,-0.628833,
0.00908233,-0.00384263,-0.0180538,-2.2e-05,-0.001427,-0.000249,0.262029,-1.80907,-2.02926,-1.64197,-1.88783,-1.04159,-8.94822e-05,0.000115049,-0,-7.19053e-05,-0.000143811,0.000167779,2.66674e-05,3.05423e-05,4.81445e-05,-4.66404e-06,-1.07366e-05,0.000125093,0.630411,0.775639,0.0310939,0.773447,-0.631029,0.0598596,0.0660506,-0.0136866,-0.997722,0.125986,0.344026,-0.628831,
0.00471399,-0.00288215,-0.0386467,0.000631,-0.001784,-0.000279,0.262017,-1.80905,-2.02926,-1.64201,-1.88777,-1.04158,-8.94822e-05,0.000115049,-0,-7.19053e-05,-0.000143811,0.000167779,2.6669e-05,3.05416e-05,4.81458e-05,-4.67123e-06,-1.07285e-05,0.000125095,0.630415,0.775635,0.0310823,0.773439,-0.631032,0.0599283,0.0660964,-0.0137395,-0.997719,0.125971,0.344045,-0.628831,
0.0200749,0.0047396,-0.102426,0.000695,-0.00189,0.000486,0.262029,-1.80907,-2.02926,-1.64197,-1.88777,-1.04159,-8.94822e-05,0.000115049,-0,-4.79369e-05,-0.000143811,0.000167779,2.91014e-05,3.11947e-05,5.3733e-05,-1.08774e-05,1.24224e-05,0.000125095,0.63041,0.77564,0.0310722,0.773445,-0.631026,0.0599156,0.0660803,-0.0137387,-0.99772,0.125981,0.34404,-0.62883,
0.0175115,0.0053214,-0.0190308,0.001027,-0.002058,-4.6e-05,0.262005,-1.8091,-2.02928,-1.64202,-1.88777,-1.04161,-8.94822e-05,0.000115049,-0,-4.79369e-05,-0.000143811,0.000167779,2.90998e-05,3.11942e-05,5.37344e-05,-1.08944e-05,1.2418e-05,0.000125094,0.630396,0.775649,0.0311451,0.773449,-0.631016,0.0599615,0.0661621,-0.0137104,-0.997715,0.126004,0.344057,-0.628807,
0.00597999,-0.00141759,-0.0611934,0.000639,-0.002171,0.000319,0.262017,-1.80906,-2.02928,-1.64198,-1.88781,-1.04159,-8.94822e-05,0.000115049,-0,-4.79369e-05,-0.000143811,0.000143811,2.91018e-05,3.11942e-05,5.37316e-05,2.46777e-06,2.37311e-05,0.000108711,0.630406,0.775642,0.0310949,0.773448,-0.631024,0.0598944,0.0660783,-0.0137075,-0.99772,0.12598,0.344036,-0.628825,
0.0174442,-0.0106076,-0.0198188,0.000912,-0.002072,0.000163,0.262041,-1.80908,-2.02925,-1.64199,-1.88781,-1.04158,-8.94822e-05,0.000115049,-0,-4.79369e-05,-0.000143811,0.000143811,2.91004e-05,3.11958e-05,5.37329e-05,2.46492e-06,2.37306e-05,0.000108711,0.630432,0.775621,0.0311065,0.773428,-0.63105,0.0598811,0.0660748,-0.0136923,-0.997721,0.125996,0.344029,-0.628834,
0.0198603,0.00369279,-0.0189086,0.000688,-0.0015,-4e-05,0.262041,-1.80905,-2.02924,-1.64201,-1.88778,-1.0416,-8.94822e-05,0.000115049,-0,-4.79369e-05,-0.000143811,0.000143811,2.91029e-05,3.11957e-05,5.37327e-05,2.47012e-06,2.37353e-05,0.000108712,0.630405,0.775645,0.0310666,0.773451,-0.63102,0.0598912,0.066058,-0.0137272,-0.997721,0.125971,0.344031,-0.628848,
0.00412491,0.0116869,-0.12385,0.001052,-0.001582,0.000667,0.262017,-1.80908,-2.02925,-1.64201,-1.88782,-1.04159,-8.94822e-05,0.000115049,-0,-4.79369e-05,-0.000143811,0.000143811,2.9101e-05,3.11952e-05,5.37328e-05,2.4639e-06,2.37284e-05,0.000108711,0.630412,0.775637,0.0311208,0.773442,-0.631031,0.0598916,0.0660924,-0.0136863,-0.99772,0.125994,0.344039,-0.628827,
0.0160178,0.00460186,-0.0394649,0.001341,-0.001857,-6.9e-05,0.262029,-1.80908,-2.02924,-1.64197,-1.88778,-1.04158,-8.94822e-05,0.000115049,-0,-4.79369e-05,-0.000143811,0.000143811,2.91015e-05,3.11954e-05,5.37334e-05,2.4704e-06,2.37353e-05,0.000108712,0.630417,0.775635,0.0310661,0.77344,-0.631033,0.0598999,0.0660642,-0.0137341,-0.997721,0.125982,0.34404,-0.628838,
0.0181851,0.00367584,-0.0619749,0.00101,-0.001685,0.000534,0.262017,-1.80907,-2.02928,-1.64201,-1.88779,-1.04157,-8.94822e-05,0.000115049,-0,-4.79369e-05,-0.000143811,0.000143811,2.91009e-05,3.11944e-05,5.37327e-05,2.46005e-06,2.37307e-05,0.000108712,0.630433,0.77562,0.0311227,0.773423,-0.631052,0.0599179,0.0661136,-0.0137032,-0.997718,0.125992,0.344041,-0.628819,
0.0042649,-0.00425092,-0.0613602,0.000942,-0.001587,0.000322,0.262005,-1.80906,-2.02926,-1.64198,-1.88778,-1.0416,-8.94822e-05,0.000115049,-0,-4.79369e-05,-0.000143811,0.000143811,2.91027e-05,3.1194e-05,5.37325e-05,2.46869e-06,2.37346e-05,0.000108712,0.630388,0.775658,0.0310757,0.773462,-0.631004,0.0599214,0.0660874,-0.0137379,-0.997719,0.125972,0.344049,-0.628827,
0.0205377,0.0195615,-0.0204358,0.000799,-0.00149,0.000376,0.262005,-1.80905,-2.02926,-1.64201,-1.88779,-1.0416,-8.94822e-05,0.000115049,-0,-4.79369e-05,-0.000143811,0.000143811,2.91031e-05,3.11941e-05,5.37321e-05,2.46718e-06,2.37325e-05,0.000108711,0.63039,0.775655,0.0310905,0.77346,-0.631007,0.0599144,0.0660913,-0.0137222,-0.997719,0.125971,0.344045,-0.628828,
0.0229686,0.0191579,-0.103842,0.000467,-0.001322,0.000908,0.262029,-1.80905,-2.02925,-1.64199,-1.88783,-1.04159,-8.94822e-05,0.000115049,-0,-4.79369e-05,-0.000143811,0.000119842,2.91028e-05,3.11952e-05,5.3731e-05,1.58176e-05,3.50444e-05,9.23272e-05,0.630408,0.775642,0.0310825,0.77345,-0.631025,0.0598552,0.0660401,-0.0136924,-0.997723,0.125973,0.344025,-0.628841,
0.0115811,0.0104425,-0.0194954,-0.00025,-0.000859,0.000173,0.261993,-1.80905,-2.02928,-1.64198,-1.88782,-1.0416,-8.94822e-05,0.000115049,-0,-4.79369e-05,-0.000143811,0.000119842,2.91032e-05,3.11935e-05,5.37309e-05,1.58161e-05,3.50445e-05,9.23278e-05,0.630381,0.775663,0.0310873,0.773468,-0.630998,0.0598965,0.0660755,-0.0137126,-0.99772,0.125968,0.344044,-0.628822,
0.0243602,0.0188259,-0.06079,0.000145,-0.001137,0.000334,0.262005,-1.8091,-2.0293,-1.64197,-1.88779,-1.04157,-8.94822e-05,0.000115049,-0,-4.79369e-05,-0.000143811,0.000119842,2.90993e-05,3.11935e-05,5.37326e-05,1.58037e-05,3.50443e-05,9.23299e-05,0.630429,0.775623,0.0311328,0.773425,-0.631048,0.0599307,0.0661299,-0.0137032,-0.997717,0.126002,0.344047,-0.628801,
0.0253801,0.0173021,-0.0404486,0.000133,-0.000755,0.000361,0.262005,-1.80901,-2.02926,-1.64197,-1.88782,-1.04157,-8.94822e-05,0.000115049,-0,-4.79369e-05,-0.000143811,0.000119842,2.91055e-05,3.11937e-05,5.37297e-05,1.58261e-05,3.50475e-05,9.23264e-05,0.630403,0.775647,0.0310354,0.773455,-0.631017,0.0598676,0.06602,-0.0137362,-0.997724,0.125943,0.344033,-0.628842,
0.0252759,0.00186924,-0.0185422,-0.000292,-0.000966,-3.1e-05,0.262017,-1.80902,-2.02929,-1.64199,-1.88781,-1.0416,-8.94822e-05,0.000115049,-0,-4.79369e-05,-0.000143811,0.000119842,2.91033e-05,3.11937e-05,5.37304e-05,1.58145e-05,3.50461e-05,9.23281e-05,0.630394,0.775652,0.0310844,0.773458,-0.631011,0.0598904,0.0660687,-0.0137121,-0.997721,0.125964,0.344031,-0.628828,
0.0123045,0.0101621,-0.082708,-0.000255,-0.000867,0.000726,0.262017,-1.80906,-2.02922,-1.64201,-1.88781,-1.04158,-8.94822e-05,0.000115049,-0,-4.79369e-05,-0.000143811,0.000119842,2.91038e-05,3.11958e-05,5.37328e-05,1.58185e-05,3.50472e-05,9.23276e-05,0.630408,0.775642,0.0310641,0.773449,-0.631024,0.0598825,0.0660496,-0.013724,-0.997722,0.125969,0.344041,-0.62885,
0.0251624,0.00362784,-0.0388279,-0.00028,-0.001348,-5.9e-05,0.262017,-1.80907,-2.02926,-1.64199,-1.88777,-1.0416,-8.94822e-05,0.000115049,-0,-4.79369e-05,-0.000143811,0.000119842,2.91015e-05,3.11945e-05,5.37334e-05,1.58083e-05,3.50487e-05,9.23297e-05,0.630399,0.775648,0.0310928,0.773451,-0.631016,0.0599324,0.0661065,-0.0137326,-0.997718,0.125983,0.344047,-0.628825,
0.010243,0.0103497,-0.0601809,7.7e-05,-0.001039,0.000122,0.262029,-1.8091,-2.02925,-1.64198,-1.88777,-1.04157,-8.94822e-05,0.000115049,-0,-4.79369e-05,-0.000143811,0.000119842,2.91003e-05,3.11952e-05,5.37342e-05,1.58079e-05,3.50489e-05,9.23297e-05,0.630434,0.77562,0.0310929,0.773424,-0.631051,0.0599235,0.0660991,-0.0137298,-0.997719,0.125995,0.344044,-0.628828,
0.0256967,0.00356429,-0.0387916,-0.00028,-0.001348,-5.9e-05,0.262005,-1.80907,-2.02924,-1.64201,-1.88778,-1.04157,-8.94822e-05,0.000115049,-0,-4.79369e-05,-0.000143811,0.000119842,2.91026e-05,3.11948e-05,5.37336e-05,1.58114e-05,3.50478e-05,9.23291e-05,0.630418,0.775633,0.0310867,0.773436,-0.631035,0.0599257,0.0660971,-0.0137347,-0.997719,0.125978,0.344053,-0.628832,
0.00924801,-0.00424527,-0.0180373,-2.2e-05,-0.001427,-0.000249,0.262041,-1.80908,-2.02924,-1.64199,-1.88781,-1.04159,-8.94822e-05,0.000115049,-0,-4.79369e-05,-0.000143811,0.000119842,2.91009e-05,3.11961e-05,5.37331e-05,1.58115e-05,3.50459e-05,9.23284e-05,0.630419,0.775632,0.0310964,0.773438,-0.631037,0.0598772,0.0660656,-0.0136966,-0.997721,0.125993,0.344029,-0.628839,
0.0221509,0.00307317,-0.102321,0.000356,-0.001332,0.000492,0.262017,-1.80908,-2.02925,-1.64202,-1.88781,-1.04158,-8.94822e-05,0.000115049,-0,-4.79369e-05,-0.000143811,0.000119842,2.91009e-05,3.11953e-05,5.37333e-05,1.58061e-05,3.50439e-05,9.23293e-05,0.630424,0.775627,0.031127,0.773431,-0.631043,0.0599068,0.0661078,-0.0136921,-0.997719,0.125996,0.344043,-0.628825,
0.00576506,-0.00456581,-0.018301,0.00062,-0.001402,-0.000252,0.261993,-1.80908,-2.02924,-1.64201,-1.88779,-1.04155,-8.94822e-05,0.000115049,-0,-4.79369e-05,-0.000119842,0.000119842,2.63744e-05,3.63579e-05,5.50772e-05,-8.42809e-07,3.05801e-05,7.56792e-05,0.630424,0.775628,0.031101,0.773431,-0.631041,0.0599274,0.0661074,-0.0137252,-0.997718,0.125983,0.344058,-0.628826,
0.00779689,-0.00370714,-0.0610974,0.0003,-0.001612,0.000325,0.262017,-1.80907,-2.02926,-1.64203,-1.88784,-1.04155,-8.94822e-05,0.000115049,-0,-4.79369e-05,-0.000119842,9.58738e-05,2.63727e-05,3.63581e-05,5.50757e-05,1.24984e-05,4.18891e-05,5.92966e-05,0.630445,0.775608,0.0311509,0.773414,-0.631067,0.0598778,0.0661,-0.0136571,-0.99772,0.125998,0.344032,-0.628822,
0.00520146,-0.018828,-0.0393978,0.000516,-0.001798,-7e-05,0.262029,-1.80908,-2.02925,-1.64201,-1.88779,-1.04155,-8.94822e-05,0.000115049,-0,-4.79369e-05,-0.000119842,9.58738e-05,2.63726e-05,3.63586e-05,5.50771e-05,1.24993e-05,4.18941e-05,5.9297e-05,0.630446,0.775609,0.0311127,0.773414,-0.631064,0.0599051,0.0660971,-0.013704,-0.997719,0.125995,0.344038,-0.628829,
0.00276188,-0.0172055,-0.0395269,0.000855,-0.002356,-7.6e-05,0.262017,-1.80907,-2.02928,-1.64198,-1.88783,-1.04159,-8.94822e-05,0.000102265,-0,-4.79369e-05,-0.000119842,9.58738e-05,2.30837e-05,3.54754e-05,4.69676e-05,1.58144e-05,2.95446e-05,5.9296e-05,0.630409,0.775639,0.0311141,0.773446,-0.631028,0.0598763,0.0660763,-0.0136815,-0.997721,0.125989,0.344032,-0.628821,
0.00338451,-0.0186566,-0.0824771,0.000838,-0.001983,0.000504,0.262041,-1.80905,-2.02928,-1.64195,-1.88776,-1.04157,-7.6699e-05,0.000102265,-0,-4.79369e-05,-0.000119842,9.58738e-05,2.47995e-05,2.75411e-05,4.69681e-05,1.58192e-05,2.95532e-05,7.20793e-05,0.630427,0.775628,0.0310359,0.773433,-0.631041,0.0599054,0.0660492,-0.0137618,-0.997721,0.125966,0.344031,-0.628837,
0.00267785,-0.0194548,-0.0192486,0.000843,-0.001974,-4.9e-05,0.262005,-1.80904,-2.02925,-1.64198,-1.88781,-1.04158,-7.6699e-05,0.000102265,-0,-4.79369e-05,-0.000119842,9.58738e-05,2.48014e-05,2.7541e-05,4.69674e-05,1.58223e-05,2.95487e-05,7.20783e-05,0.630399,0.77565,0.0310518,0.773457,-0.631014,0.0598867,0.0660452,-0.0137353,-0.997722,0.125955,0.344041,-0.62884,
-0.01171,-0.00944361,-0.0405193,0.000897,-0.002249,0.000128,0.262041,-1.80901,-2.02928,-1.64201,-1.88778,-1.04158,-7.6699e-05,0.000102265,-0,-4.79369e-05,-0.000119842,9.58738e-05,2.48008e-05,2.75413e-05,4.69673e-05,1.58167e-05,2.95503e-05,7.20793e-05,0.630423,0.77563,0.0310662,0.773436,-0.631039,0.0598911,0.0660573,-0.013729,-0.997721,0.12596,0.344023,-0.628841,
0.00474008,-0.0196047,-0.0394177,0.000516,-0.001798,-7e-05,0.262041,-1.80907,-2.02925,-1.64201,-1.88783,-1.04158,-7.6699e-05,0.000102265,-0,-4.79369e-05,-0.000119842,9.58738e-05,2.47984e-05,2.75425e-05,4.69682e-05,1.58136e-05,2.9545e-05,7.20792e-05,0.630432,0.775621,0.0311156,0.773428,-0.631051,0.059859,0.0660634,-0.0136714,-0.997722,0.125994,0.344022,-0.628836,
0.00528537,-0.0043427,-0.0183358,0.00062,-0.001402,-0.000252,0.262017,-1.80907,-2.02923,-1.64199,-1.88776,-1.04157,-7.6699e-05,0.000102265,-0,-4.79369e-05,-0.000119842,9.58738e-05,2.48001e-05,2.75419e-05,4.69701e-05,1.58163e-05,2.95519e-05,7.20799e-05,0.630419,0.775633,0.0310568,0.773437,-0.631034,0.0599313,0.0660826,-0.0137613,-0.997719,0.125972,0.344053,-0.628841,
0.0203588,0.00287794,-0.0821287,0.000683,-0.001508,0.000513,0.261993,-1.80905,-2.02925,-1.64199,-1.88783,-1.04155,-7.6699e-05,8.94822e-05,-0,-4.79369e-05,-0.000119842,9.58738e-05,2.15115e-05,2.66589e-05,3.88598e-05,1.91312e-05,1.71987e-05,7.20783e-05,0.630416,0.775635,0.031081,0.773441,-0.631033,0.0598814,0.0660592,-0.0137108,-0.997722,0.125965,0.344044,-0.628832,
0.00883899,-0.0039876,-0.018068,-2.2e-05,-0.001427,-0.000249,0.262017,-1.80901,-2.02928,-1.64202,-1.88781,-1.0416,-7.6699e-05,8.94822e-05,-0,-4.79369e-05,-0.000119842,9.58738e-05,2.15117e-05,2.66587e-05,3.88595e-05,1.9128e-05,1.72006e-05,7.20791e-05,0.630394,0.775652,0.0310844,0.773458,-0.631011,0.0598904,0.0660687,-0.0137121,-0.997721,0.125959,0.344031,-0.628835,
0.0078125,-0.00519088,-0.040823,0.000288,-0.00123,0.000352,0.261993,-1.80906,-2.02924,-1.64199,-1.88784,-1.04158,-7.6699e-05,8.94822e-05,-0,-4.79369e-05,-0.000119842,9.58738e-05,2.15112e-05,2.66593e-05,3.886e-05,1.91316e-05,1.71976e-05,7.20781e-05,0.630398,0.775649,0.0310862,0.773456,-0.631016,0.0598706,0.0660544,-0.0136985,-0.997722,0.12597,0.344044,-0.628834,
0.0216164,0.00312163,-0.0390922,0.000361,-0.001323,-6.1e-05,0.262005,-1.8091,-2.02928,-1.64202,-1.88779,-1.04157,-6.39159e-05,1.27832e-05,-0,-4.79369e-05,-9.58738e-05,9.58738e-05,7.61484e-07,1.85961e-05,-8.44071e-06,2.23298e-05,-6.1349e-05,6.82136e-05,0.630434,0.775617,0.0311539,0.773419,-0.631055,0.0599389,0.0661494,-0.0136925,-0.997716,0.126006,0.344052,-0.628808,
0.0242651,0.00447166,-0.0185902,4.7e-05,-0.001525,-3.8e-05,0.261993,-1.80907,-2.02925,-1.64196,-1.88781,-1.04155,-6.39159e-05,1.27832e-05,-0,-4.79369e-05,-9.58738e-05,9.58738e-05,7.6067e-07,1.85952e-05,-8.44102e-06,2.23434e-05,-6.13465e-05,6.82128e-05,0.630414,0.775638,0.0310623,0.773443,-0.631029,0.0598997,0.0660616,-0.0137366,-0.997721,0.125969,0.344051,-0.628829,
0.0106039,0.00861074,-0.103144,6e-05,-0.000666,0.000702,0.262005,-1.80905,-2.02926,-1.64197,-1.88781,-1.04159,-6.39159e-05,1.27832e-05,-0,-4.79369e-05,-9.58738e-05,9.58738e-05,7.60638e-07,1.85948e-05,-8.44111e-06,2.23441e-05,-6.13463e-05,6.82128e-05,0.630392,0.775655,0.0310628,0.773461,-0.631007,0.0598909,0.0660556,-0.0137289,-0.997721,0.125963,0.344041,-0.628832,
0.0256595,0.00194833,-0.0185179,-0.000292,-0.000966,-3.1e-05,0.261993,-1.80905,-2.02926,-1.64201,-1.88781,-1.0416,-6.39159e-05,1.27832e-05,-0,-4.79369e-05,-9.58738e-05,9.58738e-05,7.61273e-07,1.85952e-05,-8.44105e-06,2.23388e-05,-6.13478e-05,6.8213e-05,0.630384,0.77566,0.0310944,0.773465,-0.631001,0.059912,0.066092,-0.0137172,-0.997719,0.125969,0.344049,-0.628825,
0.0124937,0.00838575,-0.0600596,-0.000262,-0.000481,0.000128,0.262029,-1.80905,-2.02925,-1.64203,-1.88777,-1.04157,-6.39159e-05,1.27832e-05,-0,-4.79369e-05,-9.58738e-05,9.58738e-05,7.60676e-07,1.85954e-05,-8.44047e-06,2.23379e-05,-6.13444e-05,6.82138e-05,0.630434,0.77562,0.0310929,0.773424,-0.631051,0.0599235,0.0660991,-0.0137298,-0.997719,0.125976,0.344041,-0.628837,
0.0122187,0.0100383,-0.0194476,-0.00025,-0.000859,0.000173,0.262041,-1.8091,-2.02924,-1.64198,-1.88783,-1.04155,-6.39159e-05,1.27832e-05,-0,-4.79369e-05,-9.58738e-05,9.58738e-05,7.60039e-07,1.85961e-05,-8.44122e-06,2.23427e-05,-6.13487e-05,6.82125e-05,0.630448,0.775608,0.031105,0.773416,-0.631067,0.059855,0.0660533,-0.0136783,-0.997722,0.126,0.344025,-0.628837,
-0.00311464,0.0202255,-0.038426,-0.000191,-0.001129,-0.000275,0.262029,-1.80906,-2.02925,-1.64202,-1.88778,-1.04158,-6.39159e-05,1.27832e-05,-0,-4.79369e-05,-9.58738e-05,7.19053e-05,7.60605e-07,1.85955e-05,-8.44062e-06,3.56834e-05,-5.00313e-05,5.1831e-05,0.630425,0.775627,0.0310978,0.773432,-0.631042,0.0599122,0.0660935,-0.0137181,-0.997719,0.125982,0.344039,-0.628835,
-0.00231248,0.00346117,-0.102409,-0.000312,-0.001151,0.000487,0.262017,-1.80902,-2.02926,-1.64199,-1.88781,-1.04159,-6.39159e-05,1.27832e-05,-0,-4.79369e-05,-9.58738e-05,7.19053e-05,7.60597e-07,1.85946e-05,-8.44115e-06,3.56889e-05,-5.00317e-05,5.18296e-05,0.630399,0.77565,0.0310633,0.773457,-0.631014,0.0598822,0.066049,-0.0137236,-0.997722,0.125957,0.344032,-0.628839,
-0.00680624,0.00268906,-0.0394684,0.000335,-0.001118,-6.9e-05,0.262017,-1.80904,-2.02926,-1.64203,-1.88779,-1.04155,-6.39159e-05,1.27832e-05,-0,-4.79369e-05,-9.58738e-05,7.19053e-05,7.61036e-07,1.85951e-05,-8.44089e-06,3.56832e-05,-5.00324e-05,5.18308e-05,0.630437,0.775617,0.0311016,0.773422,-0.631055,0.0599098,0.0660939,-0.0137147,-0.997719,0.125972,0.344039,-0.628832,
-0.00680085,-0.011855,-0.0605246,0.000232,-0.001514,0.000113,0.262005,-1.80902,-2.02922,-1.64198,-1.88778,-1.04157,-6.39159e-05,1.27832e-05,-0,-4.79369e-05,-9.58738e-05,7.19053e-05,7.60086e-07,1.85947e-05,-8.44075e-06,3.56942e-05,-5.00289e-05,5.18287e-05,0.630398,0.775653,0.0310014,0.77346,-0.631009,0.0598928,0.0660182,-0.0137779,-0.997723,0.125936,0.344047,-0.628859,
-0.0100263,-0.0104081,-0.0607023,0.00057,-0.002073,0.000107,0.262029,-1.80902,-2.02924,-1.64202,-1.88781,-1.04157,-6.39159e-05,1.27832e-05,-0,-4.79369e-05,-9.58738e-05,7.19053e-05,7.60369e-07,1.8595e-05,-8.44108e-06,3.56895e-05,-5.00313e-05,5.18296e-05,0.630424,0.775629,0.0310642,0.773436,-0.63104,0.0598737,0.0660425,-0.0137196,-0.997722,0.125959,0.344029,-0.628851,
-0.00928539,0.00486175,-0.0396076,0.000674,-0.001677,-7.5e-05,0.262041,-1.80906,-2.02926,-1.64199,-1.88779,-1.04157,-6.39159e-05,1.27832e-05,-0,-4.79369e-05,-9.58738e-05,7.19053e-05,7.6027e-07,1.85953e-05,-8.44085e-06,3.56857e-05,-5.00312e-05,5.18305e-05,0.630438,0.775617,0.0310921,0.773422,-0.631055,0.0598883,0.0660712,-0.0137085,-0.997721,0.125984,0.344027,-0.628834,
-0.00904009,-0.00972778,-0.123911,0.000565,-0.002081,0.00066,0.262017,-1.80905,-2.02926,-1.64197,-1.88779,-1.04158,-6.39159e-05,1.27832e-05,-0,-4.79369e-05,-9.58738e-05,7.19053e-05,7.60398e-07,1.85948e-05,-8.44093e-06,3.56886e-05,-5.0031e-05,5.18298e-05,0.630408,0.775642,0.031059,0.773449,-0.631023,0.0598933,0.0660547,-0.0137347,-0.997721,0.125965,0.344037,-0.628835,
0.00397352,1.46145e-05,-0.0183346,0.000655,-0.002544,-0.000261,0.261993,-1.809,-2.02925,-1.64197,-1.88782,-1.04157,-5.11327e-05,1.27832e-05,-0,-4.79369e-05,-9.58738e-05,7.19053e-05,2.47499e-06,1.066e-05,-8.44143e-06,3.56949e-05,-5.00315e-05,6.46113e-05,0.630391,0.775658,0.0310134,0.773466,-0.631004,0.059868,0.0660067,-0.0137525,-0.997724,0.125929,0.344039,-0.628848,
-0.0101506,-0.0101334,-0.0607143,0.00057,-0.002073,0.000107,0.262029,-1.80901,-2.02926,-1.64201,-1.88778,-1.04157,-5.11327e-05,1.27832e-05,-0,-4.79369e-05,-9.58738e-05,7.19053e-05,2.47507e-06,1.06604e-05,-8.44083e-06,3.56887e-05,-5.00298e-05,6.46131e-05,0.630424,0.77563,0.0310556,0.773436,-0.631039,0.0598959,0.0660543,-0.0137403,-0.997721,0.125954,0.344031,-0.628844,
0.00427481,-0.0181014,-0.0597221,0.000528,-0.00218,-9.7e-05,0.262017,-1.80902,-2.02924,-1.64196,-1.88779,-1.04155,-5.11327e-05,1.27832e-05,-0,-4.79369e-05,-9.58738e-05,7.19053e-05,2.47447e-06,1.06603e-05,-8.44099e-06,3.56952e-05,-5.00292e-05,6.46117e-05,0.630414,0.77564,0.0310062,0.773448,-0.631026,0.059873,0.0660056,-0.013763,-0.997724,0.125941,0.344035,-0.628854,
0.00225154,-0.00320228,-0.0184966,0.000958,-0.001961,-0.000258,0.262029,-1.80906,-2.02922,-1.64198,-1.88781,-1.04158,-5.11327e-05,1.27832e-05,-0,-4.79369e-05,-9.58738e-05,7.19053e-05,2.47457e-06,1.06612e-05,-8.44096e-06,3.56922e-05,-5.00306e-05,6.46122e-05,0.63041,0.775642,0.0310431,0.77345,-0.631024,0.0598655,0.0660231,-0.0137295,-0.997724,0.125966,0.344034,-0.628855,
0.0048314,-0.0034133,-0.101896,0.000626,-0.001792,0.000274,0.262017,-1.80908,-2.02922,-1.64199,-1.88779,-1.04159,-5.11327e-05,1.27832e-05,-0,-4.79369e-05,-7.19053e-05,7.19053e-05,-2.53074e-07,1.58248e-05,-7.09702e-06,1.90335e-05,-5.44976e-05,4.7964e-05,0.630401,0.775648,0.0310699,0.773453,-0.631017,0.0598976,0.0660651,-0.0137283,-0.997721,0.125979,0.344047,-0.628844,
0.00487006,-0.00333245,-0.0386302,0.000631,-0.001784,-0.000279,0.262017,-1.80904,-2.02926,-1.64201,-1.88782,-1.0416,-5.11327e-05,1.27832e-05,-0,-4.79369e-05,-7.19053e-05,7.19053e-05,-2.52605e-07,1.5824e-05,-7.09752e-06,1.90332e-05,-5.44993e-05,4.79637e-05,0.630395,0.775652,0.0310891,0.773459,-0.631012,0.0598794,0.0660632,-0.0137015,-0.997721,0.125968,0.344032,-0.628835,
0.00732011,-0.00345197,-0.0611325,0.0003,-0.001612,0.000325,0.262017,-1.80905,-2.02923,-1.64202,-1.88784,-1.04159,-5.11327e-05,1.27832e-05,-0,-4.79369e-05,-7.19053e-05,7.19053e-05,-2.52779e-07,1.58245e-05,-7.09763e-06,1.90351e-05,-5.45005e-05,4.79632e-05,0.630402,0.775646,0.0310872,0.773455,-0.631019,0.0598532,0.0660415,-0.013687,-0.997723,0.12597,0.344031,-0.628847,
0.00702367,-0.00501506,-0.0385192,0.000293,-0.001225,-0.000273,0.262017,-1.80906,-2.02923,-1.64198,-1.88778,-1.04159,-5.11327e-05,1.27832e-05,-0,-4.79369e-05,-7.19053e-05,7.19053e-05,-2.53168e-07,1.58242e-05,-7.09699e-06,1.90354e-05,-5.44962e-05,4.79641e-05,0.630396,0.775653,0.0310445,0.773459,-0.63101,0.0599005,0.0660514,-0.0137494,-0.997721,0.125964,0.344045,-0.628846,
0.0111627,-0.00653361,-0.0179348,-0.00036,-0.000868,-0.000243,0.262017,-1.80907,-2.02924,-1.64199,-1.88779,-1.04157,-5.11327e-05,1.27832e-05,-0,-4.79369e-05,-7.19053e-05,7.19053e-05,-2.52874e-07,1.58245e-05,-7.09712e-06,1.90324e-05,-5.44979e-05,4.79641e-05,0.630422,0.77563,0.0310805,0.773435,-0.631039,0.0599016,0.0660745,-0.0137246,-0.99772,0.125979,0.344043,-0.628836,
0.0119339,0.011652,-0.103006,-0.000243,-0.001249,0.000698,0.262041,-1.80902,-2.02926,-1.64199,-1.88778,-1.04157,-5.11327e-05,1.27832e-05,-0,-4.79369e-05,-7.19053e-05,7.19053e-05,-2.53185e-07,1.58236e-05,-7.09718e-06,1.90356e-05,-5.44961e-05,4.79642e-05,0.63043,0.775625,0.0310557,0.773431,-0.631045,0.059887,0.0660473,-0.0137351,-0.997722,0.125961,0.344025,-0.628845,
0.0111188,-0.00638002,-0.0179398,-0.00036,-0.000868,-0.000243,0.261993,-1.80906,-2.02929,-1.64199,-1.88783,-1.04155,-5.11327e-05,1.27832e-05,-0,-2.39685e-05,-7.19053e-05,7.19053e-05,2.1816e-06,1.64768e-05,-1.51071e-06,1.28208e-05,-3.13509e-05,4.79636e-05,0.630427,0.775624,0.0311241,0.773429,-0.631046,0.059898,0.0660991,-0.013689,-0.997719,0.125983,0.344043,-0.628812,
0.0101624,0.0108201,-0.0601927,7.7e-05,-0.001039,0.000122,0.262005,-1.80904,-2.02925,-1.64202,-1.88782,-1.04155,-5.11327e-05,1.27832e-05,-0,-2.39685e-05,-7.19053e-05,7.19053e-05,2.18141e-06,1.64768e-05,-1.5106e-06,1.28243e-05,-3.13491e-05,4.79637e-05,0.630425,0.775627,0.0310882,0.773433,-0.631043,0.059888,0.0660687,-0.0137103,-0.997721,0.125965,0.34404,-0.628836,
0.0241785,0.000864623,-0.0389473,2.3e-05,-0.000765,-5.5e-05,0.262029,-1.80902,-2.02925,-1.64202,-1.88783,-1.04154,-5.11327e-05,1.27832e-05,-0,-2.39685e-05,-7.19053e-05,7.19053e-05,2.18103e-06,1.64768e-05,-1.5108e-06,1.28266e-05,-3.13492e-05,4.79634e-05,0.630445,0.775611,0.031083,0.773419,-0.631063,0.0598554,0.0660398,-0.0136954,-0.997723,0.125964,0.344023,-0.628846,
0.0255352,0.0185764,-0.0177522,-0.000177,-0.000952,-0.00024,0.261993,-1.80901,-2.02926,-1.64199,-1.88778,-1.04159,-5.11327e-05,1.27832e-05,-0,-2.39685e-05,-7.19053e-05,7.19053e-05,2.18161e-06,1.64761e-05,-1.51037e-06,1.28262e-05,-3.13461e-05,4.79641e-05,0.630382,0.775664,0.0310431,0.773468,-0.630996,0.0599178,0.0660641,-0.0137603,-0.99772,0.125942,0.344049,-0.628836,
0.024543,0.000255622,-0.102179,1.7e-05,-0.000773,0.000498,0.262017,-1.80904,-2.02925,-1.64198,-1.88782,-1.04159,-5.11327e-05,1.27832e-05,-0,-2.39685e-05,-7.19053e-05,7.19053e-05,2.18103e-06,1.64766e-05,-1.5107e-06,1.28281e-05,-3.1348e-05,4.79635e-05,0.630396,0.775652,0.0310566,0.77346,-0.631011,0.0598669,0.066033,-0.0137188,-0.997723,0.125959,0.344032,-0.628843,
0.00898745,-0.00569944,0.00221844,-3.3e-05,-0.001045,-0.000222,0.262017,-1.80905,-2.02926,-1.64198,-1.88783,-1.04158,-5.11327e-05,1.27832e-05,-0,-2.39685e-05,-7.19053e-05,7.19053e-05,2.18106e-06,1.64767e-05,-1.51079e-06,1.28262e-05,-3.13494e-05,4.79634e-05,0.630411,0.775639,0.0310825,0.773447,-0.631028,0.0598641,0.0660468,-0.0136984,-0.997722,0.125971,0.344029,-0.628834,
0.00959821,0.0107192,-0.0602287,7.7e-05,-0.001039,0.000122,0.262029,-1.80904,-2.0293,-1.64201,-1.88782,-1.04157,-5.11327e-05,1.27832e-05,-0,-2.39685e-05,-7.19053e-05,7.19053e-05,2.18118e-06,1.64765e-05,-1.51066e-06,1.28216e-05,-3.13497e-05,4.79638e-05,0.630437,0.775616,0.0311213,0.773422,-0.631056,0.0598829,0.0660855,-0.0136825,-0.99772,0.125982,0.344023,-0.628821,
0.00803946,0.0113942,-0.0400324,0.000404,-0.001216,0.000143,0.262017,-1.80905,-2.02925,-1.64201,-1.88778,-1.04155,-5.11327e-05,1.27832e-05,-0,-2.39685e-05,-7.19053e-05,7.19053e-05,2.18114e-06,1.64768e-05,-1.51016e-06,1.28235e-05,-3.13467e-05,4.79643e-05,0.630431,0.775623,0.0310758,0.773427,-0.631047,0.0599126,0.0660798,-0.0137359,-0.99772,0.125969,0.344043,-0.628837,
-0.00844945,0.00305956,-0.0192745,0.000662,-0.001295,-4.8e-05,0.262005,-1.809,-2.02924,-1.64201,-1.88782,-1.04157,-3.83495e-05,1.27832e-05,-0,-2.39685e-05,-7.19053e-05,7.19053e-05,3.89592e-06,8.54227e-06,-1.5108e-06,1.283e-05,-3.13476e-05,6.07466e-05,0.630403,0.775647,0.0310358,0.773455,-0.631017,0.0598678,0.0660204,-0.013736,-0.997724,0.125937,0.344035,-0.628853,
0.00523508,-0.00510944,-0.081593,0.000615,-0.00141,0.000301,0.262017,-1.80907,-2.02926,-1.64203,-1.88781,-1.04155,-3.83495e-05,1.27832e-05,-0,-2.39685e-05,-7.19053e-05,7.19053e-05,3.89593e-06,8.54303e-06,-1.51027e-06,1.28185e-05,-3.13498e-05,6.07473e-05,0.630445,0.775609,0.031138,0.773413,-0.631065,0.0599111,0.0661177,-0.0136881,-0.997718,0.125995,0.344041,-0.628822,
0.00543825,-0.00289775,-0.0385985,0.000631,-0.001784,-0.000279,0.262029,-1.80904,-2.02926,-1.64201,-1.88781,-1.04157,-3.83495e-05,1.27832e-05,-0,-2.39685e-05,-7.19053e-05,7.19053e-05,3.89574e-06,8.54257e-06,-1.5105e-06,1.28246e-05,-3.13481e-05,6.0747e-05,0.630429,0.775624,0.0310853,0.773431,-0.631046,0.0598818,0.0660621,-0.0137089,-0.997721,0.12597,0.344028,-0.628837,
-0.00955241,-0.00966269,-0.0606812,0.00057,-0.002073,0.000107,0.262005,-1.80901,-2.02925,-1.64203,-1.88781,-1.04154,-3.83495e-05,1.27832e-05,-0,-2.39685e-05,-7.19053e-05,7.19053e-05,3.89605e-06,8.54242e-06,-1.51055e-06,1.28251e-05,-3.13481e-05,6.0747e-05,0.630432,0.775622,0.0310733,0.773428,-0.631048,0.059895,0.0660647,-0.0137267,-0.997721,0.125952,0.34404,-0.628842,
0.00403487,-0.0161653,-0.0191107,0.00054,-0.002558,-5.3e-05,0.262017,-1.80905,-2.02926,-1.64202,-1.88784,-1.04157,-3.83495e-05,1.27832e-05,-0,-2.39685e-05,-7.19053e-05,7.19053e-05,3.89598e-06,8.54287e-06,-1.51083e-06,1.28231e-05,-3.1351e-05,6.07466e-05,0.630428,0.775623,0.0311189,0.773431,-0.631048,0.0598654,0.0660705,-0.0136726,-0.997721,0.125981,0.344029,-0.62883,
-0.0103545,-0.0238421,-0.0185316,0.000472,-0.00246,-0.000264,0.262029,-1.80902,-2.02924,-1.64201,-1.88784,-1.04158,-3.83495e-05,1.27832e-05,-0,-2.39685e-05,-7.19053e-05,7.19053e-05,3.89574e-06,8.54271e-06,-1.51097e-06,1.28292e-05,-3.13494e-05,6.07463e-05,0.630413,0.775638,0.0310666,0.773448,-0.631029,0.0598363,0.0660152,-0.0136932,-0.997725,0.125959,0.34402,-0.628852,
-0.0081289,-0.0262627,-0.08167,0.000128,-0.00191,0.000295,0.262017,-1.80904,-2.02924,-1.64203,-1.88782,-1.04154,-3.83495e-05,1.27832e-05,-0,-2.39685e-05,-7.19053e-05,7.19053e-05,3.8959e-06,8.54282e-06,-1.51057e-06,1.28246e-05,-3.1349e-05,6.07469e-05,0.630441,0.775614,0.0310891,0.773421,-0.631059,0.0598794,0.0660624,-0.0137055,-0.997721,0.125967,0.344035,-0.628843,
-0.00798778,-0.0100608,-0.0176165,0.000248,-0.001888,-0.000467,0.262029,-1.80908,-2.02926,-1.64201,-1.88782,-1.04159,-3.83495e-05,1.27832e-05,-0,-2.39685e-05,-7.19053e-05,7.19053e-05,3.89571e-06,8.54312e-06,-1.51041e-06,1.28204e-05,-3.135e-05,6.07471e-05,0.630421,0.775629,0.0311323,0.773434,-0.631041,0.0598872,0.066096,-0.0136754,-0.99772,0.126001,0.344032,-0.628824,
-0.0196072,-0.0184063,-0.03951,-0.000151,-0.001618,-7.5e-05,0.262005,-1.80905,-2.02926,-1.64198,-1.88781,-1.04157,-3.83495e-05,1.27832e-05,-0,-2.39685e-05,-7.19053e-05,7.19053e-05,3.8958e-06,8.54246e-06,-1.51051e-06,1.28251e-05,-3.13481e-05,6.0747e-05,0.630413,0.775637,0.0310733,0.773443,-0.63103,0.059895,0.066065,-0.0137252,-0.997721,0.125966,0.344041,-0.628831,
-0.0198956,-0.00267825,-0.0387427,-3.6e-05,-0.001604,-0.000284,0.262017,-1.80905,-2.02924,-1.64201,-1.88781,-1.04155,-3.83495e-05,1.27832e-05,-0,-2.39685e-05,-7.19053e-05,7.19053e-05,3.89573e-06,8.54276e-06,-1.51043e-06,1.28254e-05,-3.13479e-05,6.0747e-05,0.630429,0.775624,0.0310743,0.773431,-0.631046,0.0598865,0.0660587,-0.0137204,-0.997721,0.125968,0.344038,-0.628842,
-0.00759491,-0.0118477,0.00268706,0.000237,-0.001506,-0.00044,0.262041,-1.80904,-2.02925,-1.64199,-1.88784,-1.04158,-3.83495e-05,1.27832e-05,-0,-2.39685e-05,-7.19053e-05,7.19053e-05,3.8956e-06,8.54276e-06,-1.51095e-06,1.28285e-05,-3.13495e-05,6.07464e-05,0.630422,0.775631,0.0310768,0.77344,-0.631039,0.0598313,0.0660177,-0.0136829,-0.997725,0.12597,0.344014,-0.628848,
-0.00510762,0.00434516,-0.0822978,1.5e-05,-0.001328,0.000508,0.262029,-1.809,-2.02926,-1.64199,-1.88778,-1.04157,-3.83495e-05,1.27832e-05,-0,-2.39685e-05,-7.19053e-05,7.19053e-05,3.89566e-06,8.54203e-06,-1.51043e-06,1.28284e-05,-3.13453e-05,6.07472e-05,0.630418,0.775635,0.0310341,0.773442,-0.631032,0.0598876,0.0660344,-0.0137512,-0.997723,0.125943,0.344028,-0.628849,
-0.00534139,0.00367669,-0.0190397,2.1e-05,-0.00132,-4.5e-05,0.262005,-1.80905,-2.02925,-1.64199,-1.88781,-1.04154,-3.83495e-05,1.27832e-05,-0,-2.39685e-05,-7.19053e-05,7.19053e-05,3.89581e-06,8.54259e-06,-1.51047e-06,1.28251e-05,-3.1348e-05,6.0747e-05,0.630432,0.775622,0.0310729,0.773428,-0.631048,0.0598948,0.0660643,-0.013727,-0.997721,0.125965,0.344043,-0.628835,
0.00978665,0.0104104,-0.060212,7.7e-05,-0.001039,0.000122,0.262017,-1.80906,-2.02924,-1.64197,-1.88784,-1.04154,-3.83495e-05,1.27832e-05,-0,-2.39685e-05,-7.19053e-05,7.19053e-05,3.8956e-06,8.54283e-06,-1.51089e-06,1.28288e-05,-3.13495e-05,6.07463e-05,0.630434,0.775621,0.0310661,0.77343,-0.63105,0.059845,0.0660213,-0.0137009,-0.997724,0.12597,0.344029,-0.628843,
0.0113786,0.010351,-0.0195075,-0.00025,-0.000859,0.000173,0.262017,-1.80902,-2.02925,-1.64201,-1.88781,-1.04153,-3.83495e-05,1.27832e-05,-0,-2.39685e-05,-4.79369e-05,7.19053e-05,1.16781e-06,1.37056e-05,-1.66828e-07,-3.82728e-06,-3.58139e-05,4.4098e-05,0.630445,0.775612,0.0310633,0.773419,-0.631061,0.0598822,0.0660482,-0.0137275,-0.997722,0.125956,0.344034,-0.628844,
0.0256259,0.0182292,-0.0177414,-0.000177,-0.000952,-0.00024,0.262017,-1.80902,-2.02923,-1.64202,-1.88782,-1.04155,-3.83495e-05,1.27832e-05,-0,-2.39685e-05,-4.79369e-05,7.19053e-05,1.16778e-06,1.37058e-05,-1.66859e-07,-3.82597e-06,-3.58144e-05,4.40979e-05,0.630424,0.775629,0.0310575,0.773437,-0.63104,0.0598672,0.0660332,-0.0137208,-0.997723,0.125954,0.344034,-0.628853,
0.0242095,0.000682341,-0.102207,1.7e-05,-0.000773,0.000498,0.262029,-1.80906,-2.02926,-1.64202,-1.88781,-1.04157,-3.83495e-05,1.27832e-05,-0,-2.39685e-05,-4.79369e-05,7.19053e-05,1.16764e-06,1.3706e-05,-1.66707e-07,-3.83167e-06,-3.58152e-05,4.40972e-05,0.630437,0.775616,0.0311174,0.773422,-0.631056,0.0598942,0.0660917,-0.0136926,-0.99772,0.125988,0.344032,-0.628829,
