0.057753,-0.013938,-0.103324,-0.000897,0.008418,0.000395,0.262711,-1.80835,-2.02859,-1.64029,-1.8873,-1.04213,-0.0016746,0.000856473,0.000447411,0.00160589,-0.00122239,0.0296729,0.0002367,0.000862321,0.00108712,-0.0163614,-0.0109507,0.0195171,0.629691,0.776333,0.0282158,0.774251,-0.63014,0.058806,0.063433,-0.0151835,-0.997871,0.125087,0.343649,-0.629677,
-0.209637,-0.0955235,-0.0289407,0.006451,-0.010705,0.000443,0.262723,-1.80835,-2.02859,-1.6402,-1.8874,-1.04185,-0.0016746,0.000856473,0.000447411,0.00160589,-0.00925182,0.0304879,0.00115,-0.000867441,0.000636104,-0.011215,-0.00983237,0.0256362,0.629893,0.776171,0.0281662,0.774099,-0.63034,0.0586753,0.0632963,-0.0151557,-0.99788,0.125076,0.343615,-0.62969,
-0.139285,-0.0556095,-0.025169,0.00256,-0.005988,9.5e-05,0.262687,-1.80833,-2.02854,-1.64034,-1.88746,-1.04164,-0.0016746,0.000856473,0.000447411,-0.00119842,-0.00807737,0.0296969,0.000729723,-0.000691493,4.92357e-05,-0.0108679,-0.0123892,0.0242794,0.630057,0.776035,0.0282492,0.773962,-0.630509,0.0586702,0.0633415,-0.0151017,-0.997878,0.125077,0.343628,-0.629697,
-0.00575681,-0.0638386,-0.0457969,0.003897,0.004206,0.000612,0.262687,-1.8084,-2.0286,-1.64037,-1.88741,-1.04147,-0.00122718,0.000856473,0.000447411,-0.0107858,-0.00524909,0.0132066,-0.000511754,-0.000623275,-0.00202384,-0.00120652,-0.0144011,0.0114615,0.630223,0.775896,0.028381,0.773813,-0.630681,0.0587722,0.0635004,-0.015078,-0.997868,0.125142,0.343647,-0.629645,
-0.138403,0.0201648,-0.106173,-0.001798,-0.006881,0.000415,0.262723,-1.80835,-2.02859,-1.6403,-1.88741,-1.04142,-0.000971521,0.000792557,0.000447411,0.00196541,-0.00431432,0.00829308,0.00070309,-0.000234482,0.000956626,-0.00242576,-6.91587e-06,0.00770176,0.630251,0.775877,0.0282659,0.773801,-0.630703,0.058701,0.0633722,-0.0151242,-0.997875,0.125102,0.343618,-0.62968,
0.00736385,0.123093,-0.185136,-0.009423,0.004466,0.001096,0.262723,-1.80835,-2.0286,-1.64037,-1.88745,-1.0414,-0.00080534,0.000677508,0.000447411,-0.00131826,-0.00280431,0.00762197,0.000188251,-0.000110545,0.00020406,-0.0022234,-0.00325588,0.00636191,0.630288,0.775843,0.0283532,0.773766,-0.630746,0.0586965,0.0634229,-0.015057,-0.997873,0.125125,0.343613,-0.629667,
-0.0303573,-0.0222511,-0.0448533,0.000589,0.00154,0.000587,0.262711,-1.80834,-2.02857,-1.64039,-1.88736,-1.0414,-0.000690291,0.000588026,0.000447411,-0.00548878,-0.00208526,0.00500941,-0.000327541,-0.000147902,-0.000783149,-0.00016909,-0.0062719,0.00418812,0.630273,0.775858,0.0282898,0.773778,-0.630725,0.0587707,0.0634408,-0.0151516,-0.997871,0.125099,0.34364,-0.629683,
-0.0340177,0.00685207,-0.0239075,-0.001155,0.000826,0.000607,0.262687,-1.80834,-2.02859,-1.64035,-1.88742,-1.0415,-0.000600809,0.00052411,0.000447411,-0.00548878,-0.00165382,-0.00644751,-0.000381106,-0.000114903,-0.000799452,0.00590113,-0.00101207,-0.00387596,0.630183,0.77593,0.0283004,0.773852,-0.630638,0.0587283,0.0634164,-0.0151092,-0.997873,0.125098,0.343635,-0.62967,
-0.0516912,-0.0247567,-0.107901,0.001531,-4.6e-05,0.00091,0.262711,-1.80834,-2.0286,-1.64036,-1.88736,-1.0415,-0.00052411,0.000472977,0.000447411,-0.00381098,-0.0013662,-0.00496147,-0.000245215,-5.79686e-05,-0.000425138,0.00445436,-0.000195992,-0.00297957,0.630201,0.775916,0.0283008,0.773835,-0.630654,0.058775,0.0634525,-0.0151399,-0.99787,0.125104,0.343636,-0.629668,
-0.0489013,-0.0208221,-0.0240695,0.000919,-0.000823,0.000377,0.262699,-1.80837,-2.02859,-1.64033,-1.8874,-1.04148,-0.000472977,0.000421845,0.000447411,-0.00258859,-0.00117445,-0.00306796,-0.000148422,-1.83279e-05,-0.000162215,0.00296629,6.37056e-06,-0.0017631,0.630199,0.775918,0.0282923,0.773839,-0.630652,0.0587418,0.0634214,-0.0151253,-0.997872,0.125108,0.343637,-0.629668,
-0.0186377,0.0101916,-0.0854162,-0.001123,0.001867,0.000756,0.262711,-1.80837,-2.02859,-1.64033,-1.88745,-1.04146,-0.000434628,0.000396278,0.000434628,-0.00194144,-0.00100667,-0.00222907,-0.000101004,1.05242e-05,-2.5179e-05,0.00222598,0.00016739,-0.00126576,0.630225,0.775897,0.02831,0.773821,-0.63068,0.0586887,0.0633909,-0.0150801,-0.997875,0.125115,0.343619,-0.629671,
-0.0273478,0.0415535,-0.0827695,-0.002208,0.000801,0.000122,0.262735,-1.80834,-2.02863,-1.64039,-1.8874,-1.04147,-0.000396278,0.000357929,0.000396278,-0.00155795,-0.000910801,-0.0017497,-7.20663e-05,1.67089e-05,2.46873e-05,0.00181373,0.000219611,-0.000965039,0.630243,0.77588,0.0283571,0.7738,-0.630701,0.0587401,0.0634601,-0.0150779,-0.99787,0.125126,0.343615,-0.629661,
0.00591956,0.06206,-0.0813294,-0.004966,0.002318,0.00015,0.262675,-1.80835,-2.02857,-1.64036,-1.8874,-1.04146,-0.000370712,0.000345146,0.000357929,-0.00131826,-0.000814927,-0.00143811,-5.29572e-05,2.86566e-05,5.72999e-05,0.00152513,0.000236691,-0.000792367,0.630204,0.775914,0.0282913,0.773834,-0.630657,0.0587592,0.0634341,-0.0151375,-0.997871,0.125096,0.343651,-0.629673,
-0.027024,-0.00444811,-0.0640894,7.4e-05,0.001147,0.000353,0.262687,-1.80827,-2.02854,-1.64035,-1.88742,-1.0415,-0.000370712,0.000345146,0.000332363,-0.00112652,-0.000743022,-0.00122239,-3.79337e-05,5.03788e-05,9.23288e-05,0.00131218,0.000282015,-0.000694418,0.630157,0.775955,0.0281944,0.773882,-0.630605,0.0586873,0.0633183,-0.0151631,-0.997878,0.12504,0.343629,-0.629713,
-0.0202541,0.016084,0.000514295,-0.001392,0.000536,-0.000408,0.262675,-1.80831,-2.02858,-1.64034,-1.88741,-1.0415,-0.000370712,0.000345146,0.000306796,-0.000982706,-0.000671117,-0.00105461,-2.78261e-05,7.07871e-05,0.000116186,0.00113836,0.000303596,-0.000629095,0.630164,0.775949,0.0282424,0.773871,-0.630614,0.0587275,0.0633796,-0.0151519,-0.997874,0.125066,0.34364,-0.629684,
-0.0485553,0.0681182,-0.104333,-0.003663,-0.001143,0.000494,0.262664,-1.80828,-2.02858,-1.64036,-1.88741,-1.04153,-0.00173851,0.00132945,0.000294013,-0.000886833,-0.00062318,-0.00093477,4.89575e-05,0.00100118,0.000758397,0.000761346,0.00126888,-0.00194792,0.630129,0.775976,0.0282423,0.773899,-0.63058,0.0587363,0.0633871,-0.0151548,-0.997874,0.125054,0.343644,-0.629685,
-0.0258735,0.0240463,-0.0404769,-0.002645,0.000972,-0.000243,0.26264,-1.80829,-2.02858,-1.64033,-1.88742,-1.0415,-0.00173851,0.00132945,0.000268447,-0.000790959,-0.000575243,-0.000838896,5.69146e-05,0.0010151,0.000769753,0.000656542,0.00128258,-0.0019154,0.630139,0.775969,0.0282241,0.773892,-0.630588,0.0587343,0.0633738,-0.0151683,-0.997875,0.125048,0.343654,-0.62968,
0.00984553,0.010984,-0.0599778,-0.001403,0.001469,-0.000462,0.262616,-1.80829,-2.02856,-1.64034,-1.88739,-1.04147,-0.00210922,0.00132945,0.000255663,-0.000719053,-0.000527306,-0.000743022,1.08555e-05,0.00125788,0.000782371,0.000554662,0.00128545,-0.00225358,0.630141,0.775968,0.0281994,0.773888,-0.630588,0.0587814,0.0633947,-0.0152173,-0.997873,0.125035,0.343678,-0.629683,
-0.00835073,0.00475889,-0.102571,-0.000811,0.000824,-0.000106,0.262556,-1.80826,-2.02858,-1.64035,-1.88742,-1.0415,-0.00210922,0.00132945,0.00024288,-0.000647148,-0.000503337,-0.000695085,1.73529e-05,0.00126547,0.00079361,0.000496094,0.00131545,-0.0022373,0.630091,0.776009,0.0282105,0.773928,-0.630538,0.058791,0.0634102,-0.0152107,-0.997872,0.125011,0.343695,-0.629667,
-0.00169802,0.0181221,-0.0810769,-0.001687,0.001753,-0.000279,0.262592,-1.80827,-2.0286,-1.64035,-1.88741,-1.0415,-0.00219871,0.00120162,0.000230097,-0.000599211,-0.000479369,-0.00062318,-2.38041e-05,0.00131906,0.000718246,0.000463532,0.00118757,-0.00229405,0.630118,0.775986,0.0282393,0.773905,-0.630567,0.0587885,0.0634259,-0.0151891,-0.997871,0.125033,0.343679,-0.629661,
-0.00554333,0.00465454,-0.125051,-0.001142,0.000996,0.000498,0.262568,-1.80822,-2.02858,-1.64035,-1.88741,-1.04147,-0.00219871,0.00120162,0.000217314,0.000455401,-0.000431432,-0.000575243,8.04661e-05,0.00135885,0.000959601,0.000133147,0.0021621,-0.00229443,0.630108,0.775997,0.0281746,0.773917,-0.630553,0.058781,0.0633794,-0.0152335,-0.997873,0.124991,0.343687,-0.62968,
-0.0192418,0.0135339,-0.0400382,-0.001405,0.000914,-0.000452,0.262568,-1.8082,-2.02859,-1.64034,-1.88737,-1.04153,-0.00219871,0.00279951,0.000204531,0.000455401,-0.000407464,-0.000551274,0.00049271,0.00147553,0.0019671,-0.000308275,0.00367708,-0.00229461,0.630056,0.77604,0.02814,0.773959,-0.630499,0.0588064,0.0633783,-0.0152721,-0.997873,0.124974,0.343691,-0.629682,
-0.0288087,0.0265352,-0.0609016,-0.002295,3.1e-05,-0.000277,0.262532,-1.80814,-2.02857,-1.64036,-1.8874,-1.04147,-0.00182799,0.00360485,0.000204531,0.000455401,-0.000407464,-0.000503337,0.000750924,0.00130152,0.00247761,-0.000543745,0.00443225,-0.00189106,0.630069,0.77603,0.0280945,0.773952,-0.63051,0.0587894,0.0633363,-0.0152976,-0.997875,0.124929,0.343699,-0.6297,
-0.0311772,0.0284846,-0.0633852,-0.001961,-0.000532,0.000342,0.262532,-1.80819,-2.02859,-1.64036,-1.88741,-1.04145,-0.00182799,0.00360485,0.000191748,0.000455401,-9.58738e-05,-0.000479369,0.000717115,0.0013691,0.00248831,-0.000770844,0.00435026,-0.00209031,0.630104,0.776,0.0281626,0.773919,-0.630548,0.058803,0.063389,-0.0152564,-0.997872,0.124966,0.343701,-0.629675,
-0.0272137,-0.0173934,-0.0218199,-0.000328,0.000176,-2.2e-05,0.262484,-1.8081,-2.02858,-1.64035,-1.88745,-1.04151,-0.00274838,0.0027356,0.000178964,0.000455401,-9.58738e-05,-0.000455401,0.000370828,0.00188011,0.00193035,-0.00055509,0.00348718,-0.0029943,0.630008,0.776081,0.0280786,0.774003,-0.630448,0.0587677,0.0633106,-0.0152913,-0.997877,0.124901,0.343707,-0.629694,
-0.0314236,-0.0478995,-0.126855,0.002705,0.000549,0.00048,0.262496,-1.80809,-2.02854,-1.64037,-1.88747,-1.04147,-0.00259498,0.0027356,0.000178964,0.000455401,-9.58738e-05,-0.000431432,0.000391445,0.00178498,0.00193036,-0.000568433,0.00347588,-0.00282447,0.630038,0.776057,0.0280657,0.773983,-0.630477,0.0587284,0.0632714,-0.0152787,-0.997879,0.124893,0.343698,-0.629715,
-0.0319979,-0.0867505,-0.0245738,0.004714,-0.000439,0.000172,0.262484,-1.80816,-2.02859,-1.64036,-1.88746,-1.04146,-0.0016746,0.00198139,0.000166181,0.000455401,-9.58738e-05,-0.000407464,0.000321624,0.00116208,0.00144545,-0.000382638,0.00272387,-0.00188761,0.630064,0.776033,0.0281567,0.773953,-0.630508,0.0587852,0.0633723,-0.0152464,-0.997873,0.124945,0.343712,-0.629671,
-0.0272628,-0.0693553,-0.023463,0.004187,-0.00045,-3.4e-05,0.26252,-1.80813,-2.02854,-1.64037,-1.88752,-1.04142,-0.00122718,0.00139337,0.000166181,0.000455401,-0.00196541,-0.000383495,0.00044226,0.000440922,0.000967617,0.00105942,0.0024948,-0.000129522,0.630097,0.776007,0.0281163,0.773935,-0.63054,0.0586785,0.0632634,-0.015213,-0.997881,0.124926,0.343678,-0.629711,
-0.0390877,-0.0293711,-0.0639661,0.001202,-0.001111,0.000122,0.262484,-1.8081,-2.0286,-1.64037,-1.88754,-1.04144,-0.000971521,0.00107379,0.000153398,0.000455401,-0.00196541,-0.000359527,0.000395738,0.000260567,0.000758176,0.00113242,0.00216248,0.000142639,0.630076,0.776023,0.0281555,0.773949,-0.630521,0.0586948,0.0633012,-0.0151913,-0.997879,0.124922,0.343685,-0.629682,
-0.0328808,0.0166876,-0.0415818,-0.002048,-0.001302,-5.7e-05,0.262508,-1.80811,-2.02857,-1.64036,-1.88759,-1.04144,-0.00080534,0.000869256,0.000153398,0.000455401,-0.00388289,-0.000335558,0.000583222,-0.000269788,0.000520739,0.00250847,0.00231278,0.00165265,0.630082,0.776019,0.028142,0.77395,-0.630528,0.0586198,0.0632344,-0.0151547,-0.997884,0.124926,0.343664,-0.629703,
-0.0319715,0.0119724,-0.104867,-0.002089,-0.000168,0.000506,0.262508,-1.80809,-2.02857,-1.64043,-1.88755,-1.04146,-0.000690291,0.000728641,0.000140615,0.000455401,-0.00388289,7.19053e-05,0.000564097,-0.000350455,0.000424815,0.00232223,0.00197246,0.00204723,0.630073,0.776025,0.0281705,0.773952,-0.63052,0.0586701,0.0632915,-0.0151638,-0.99788,0.124924,0.343673,-0.629702,
-0.0159781,-0.0257779,-0.0413769,-5.5e-05,0.00027,-0.000249,0.262496,-1.8081,-2.02858,-1.64036,-1.88758,-1.04141,-0.000600809,0.000626375,0.000140615,0.000455401,-0.00330765,7.19053e-05,0.000484258,-0.000289145,0.000392278,0.00194803,0.00176598,0.00173835,0.630094,0.776009,0.0281375,0.773939,-0.630539,0.0586402,0.0632471,-0.0151721,-0.997883,0.124918,0.343671,-0.629697,
-0.00679534,-0.0212987,-0.042386,0.000958,0.000781,-3.6e-05,0.26246,-1.80811,-2.02857,-1.64041,-1.88759,-1.04142,-0.00052411,0.00056246,0.000140615,0.000455401,-0.00234891,7.19053e-05,0.000368998,-0.000134629,0.000405649,0.00129645,0.00152466,0.0011514,0.630075,0.776022,0.0281823,0.77395,-0.630523,0.0586709,0.0632995,-0.0151554,-0.997879,0.124925,0.343692,-0.629686,
-0.0174073,-0.00898541,-0.0836559,0.000382,9.9e-05,0.000116,0.262484,-1.80816,-2.02856,-1.64041,-1.88763,-1.04141,-0.000472977,0.000498544,0.000127832,-0.000599211,-0.0018216,7.19053e-05,0.000193321,-8.56654e-05,0.000142456,0.00122246,0.000333384,0.000837511,0.630106,0.775996,0.0282283,0.773925,-0.630557,0.0586326,0.0632982,-0.0150982,-0.99788,0.12496,0.343678,-0.629684,
-0.00768918,0.00749482,-0.0213111,-0.001124,0.000626,-1e-05,0.262496,-1.80814,-2.02859,-1.64042,-1.88757,-1.04146,-0.000434628,0.000447411,0.000127832,-0.000599211,-0.00148604,7.19053e-05,0.000147086,-4.07288e-05,0.00012891,0.00100186,0.000221185,0.000643562,0.63008,0.776017,0.0282281,0.773943,-0.63053,0.058688,0.0633416,-0.0151312,-0.997877,0.124956,0.343681,-0.629676,
-0.0185247,0.00284162,-0.124272,-0.001816,-7.4e-05,0.000279,0.26246,-1.80815,-2.02853,-1.64046,-1.88753,-1.04144,-0.000396278,0.000409062,0.000127832,-0.000599211,-0.00124636,7.19053e-05,0.000115065,-1.5547e-05,0.000118083,0.000844809,0.000139246,0.000515953,0.630076,0.776022,0.0282034,0.773944,-0.630524,0.0587439,0.0633694,-0.0151853,-0.997875,0.124943,0.343716,-0.629687,
-0.0181599,0.0169662,-0.039922,-0.001708,0.000331,-0.000456,0.262472,-1.80815,-2.02858,-1.64045,-1.88757,-1.04141,-0.000357929,0.000370712,0.000127832,-0.000599211,-0.00107858,7.19053e-05,9.12207e-05,-5.8547e-06,0.000103187,0.000737816,7.0799e-05,0.000438165,0.630109,0.775992,0.0282487,0.773916,-0.630561,0.0587137,0.0633739,-0.015134,-0.997875,0.12496,0.343697,-0.62967,
-0.0109026,0.00795324,-0.0418224,-0.000471,0.000269,-4e-05,0.262496,-1.80813,-2.02859,-1.64048,-1.88757,-1.04141,-0.000332363,0.000345146,0.000115049,-0.000599211,-0.000958738,0.00110255,7.62152e-05,2.81131e-06,8.68855e-05,9.26639e-05,-0.000474675,0.00108739,0.630128,0.775977,0.0282708,0.773901,-0.63058,0.0587045,0.0633803,-0.0151126,-0.997875,0.124963,0.343682,-0.629673,
-0.0157495,-0.0119375,-0.103909,0.000358,0.000859,9.9e-05,0.262484,-1.80816,-2.02858,-1.64046,-1.88758,-1.04138,-0.000306796,0.000319579,0.000115049,-0.000599211,-0.000838896,0.00110255,5.94061e-05,1.09948e-05,7.74122e-05,1.57923e-05,-0.000521814,0.00102998,0.630149,0.775959,0.0282746,0.773883,-0.630602,0.0587021,0.0633804,-0.0151098,-0.997875,0.124974,0.34369,-0.629668,
-0.0017101,-0.00357901,-0.0412578,0.000431,0.00077,-0.000242,0.262496,-1.80814,-2.02857,-1.64046,-1.88758,-1.04139,-0.000294013,0.000294013,0.000115049,-0.000599211,-0.00076699,0.00110255,4.63379e-05,1.67793e-05,6.52449e-05,-2.76256e-05,-0.000559955,0.000992979,0.630138,0.775969,0.028243,0.773895,-0.63059,0.058681,0.0633444,-0.01512,-0.997877,0.124959,0.343682,-0.629683,
-0.0108076,0.00803488,-0.105081,-0.000476,0.00026,0.000513,0.262472,-1.80811,-2.02857,-1.64052,-1.88759,-1.04133,-0.000268447,0.00028123,0.000115049,-0.000599211,-0.000695085,0.00110255,3.82966e-05,1.55234e-05,6.11804e-05,-7.44641e-05,-0.000585785,0.000968749,0.63018,0.775934,0.0282782,0.773858,-0.630633,0.0586991,0.0633798,-0.0151077,-0.997875,0.124953,0.343691,-0.629679,
-0.00676233,0.023658,-0.0204716,-0.001009,0.00064,-0.000219,0.262496,-1.80813,-2.02854,-1.64045,-1.88757,-1.04129,-0.000255663,0.000268447,0.000102265,-0.000599211,-0.000647148,0.00198938,3.30434e-05,1.75124e-05,4.89477e-05,-0.000592906,-0.00103759,0.00155644,0.630202,0.775919,0.0281965,0.773846,-0.63065,0.0586757,0.0633097,-0.0151579,-0.997879,0.124941,0.343684,-0.629699,
-0.00716555,0.0213272,-0.0611174,-0.001022,0.001018,-0.000264,0.262484,-1.80811,-2.02856,-1.64047,-1.88757,-1.04132,-0.00024288,0.000255663,0.000102265,-0.000599211,-0.000599211,0.00198938,2.60062e-05,1.90212e-05,4.35365e-05,-0.000623049,-0.00105891,0.00153601,0.630182,0.775934,0.0282175,0.77386,-0.630632,0.0586928,0.0633366,-0.0151508,-0.997877,0.12494,0.343689,-0.629691,
0.00547431,0.0137389,-0.103205,-0.000742,0.000726,0.000106,0.262472,-1.80807,-2.02859,-1.64048,-1.88759,-1.04129,-0.000230097,0.00024288,0.000102265,-0.000599211,-0.000551274,0.00198938,1.89709e-05,2.05281e-05,3.81207e-05,-0.000653126,-0.00108027,0.0015156,0.630195,0.775924,0.0282254,0.77385,-0.630645,0.0586787,0.0633304,-0.0151368,-0.997878,0.124922,0.343681,-0.629685,
0.000915474,-0.00146187,-0.0613267,-0.000199,0.000363,-0.000267,0.262484,-1.80815,-2.02862,-1.64049,-1.88758,-1.0413,-0.000217314,0.000230097,0.000102265,-0.000599211,-0.000503337,0.00198938,1.1927e-05,2.20409e-05,3.27107e-05,-0.00068341,-0.00110163,0.00149508,0.630218,0.775901,0.0283273,0.773823,-0.630674,0.0587225,0.0634282,-0.0150876,-0.997872,0.124985,0.343688,-0.629651,
-0.0303625,0.00147206,-0.104844,0.000436,-0.000176,0.000293,0.262472,-1.80813,-2.02858,-1.64049,-1.88757,-1.04129,-0.000204531,0.000217314,0.000102265,-0.000599211,-0.000479369,0.0017497,7.61384e-06,1.8386e-05,2.59573e-05,-0.000563792,-0.00100538,0.001327,0.630207,0.775912,0.0282698,0.773835,-0.63066,0.0587219,0.0633916,-0.0151308,-0.997874,0.124956,0.343696,-0.629672,
-0.0295473,0.00235907,-0.0211897,0.000126,-0.000369,-0.000237,0.26246,-1.80811,-2.02862,-1.64051,-1.88759,-1.0413,-0.000204531,0.000204531,8.94822e-05,-0.000599211,-0.000455401,0.00143811,3.38064e-06,2.31435e-05,1.23692e-05,-0.000401093,-0.000887666,0.00109675,0.6302,0.775917,0.0283097,0.773839,-0.630655,0.0587202,0.0634156,-0.0150983,-0.997873,0.124961,0.343694,-0.629654,
-0.0273128,0.00220687,-0.0413496,-0.000201,-0.000192,-0.000258,0.262496,-1.80813,-2.02859,-1.64046,-1.88758,-1.04127,-0.000191748,0.000191748,8.94822e-05,-0.000551274,-0.000431432,0.00122239,3.96175e-06,2.08048e-05,1.6774e-05,-0.00030719,-0.000756458,0.000945074,0.630234,0.775891,0.028254,0.773816,-0.630686,0.0586852,0.0633527,-0.015122,-0.997877,0.124958,0.343678,-0.629675,
-0.0116104,-0.00655881,-0.0629258,-0.000575,-0.000127,0.000142,0.262472,-1.80809,-2.0286,-1.64052,-1.88758,-1.04132,-0.000178964,0.000191748,8.94822e-05,-0.000527306,-0.000407464,0.00105461,5.4096e-06,1.86975e-05,2.36988e-05,-0.000237117,-0.000658682,0.000826213,0.630191,0.775924,0.0282842,0.773847,-0.630645,0.0587147,0.0633955,-0.0151138,-0.997874,0.124948,0.343688,-0.629668,
-0.0246897,-0.00171642,-0.0209229,-0.000551,0.000749,-0.000224,0.262472,-1.80809,-2.02857,-1.64049,-1.88757,-1.0413,-0.000178964,0.000178964,8.94822e-05,-0.000479369,-0.000383495,0.00093477,4.27804e-06,2.42896e-05,2.81039e-05,-0.000196428,-0.000572683,0.000727476,0.630187,0.77593,0.0282267,0.773854,-0.630637,0.0587052,0.063352,-0.0151519,-0.997876,0.124931,0.343693,-0.629688,
-0.0211006,0.0148501,-0.0831355,-0.001083,0.000729,0.000122,0.262484,-1.80811,-2.02862,-1.64052,-1.88764,-1.04129,-0.000166181,0.000178964,8.94822e-05,-0.000455401,-0.000383495,0.000838896,8.44708e-06,1.70207e-05,3.36761e-05,-0.000149524,-0.000504402,0.000674484,0.630225,0.775895,0.0283386,0.77382,-0.630683,0.0586625,0.0633886,-0.0150416,-0.997876,0.124974,0.34367,-0.62966,
-0.0211193,0.0161107,-0.0198924,-0.001078,0.000738,-0.000431,0.262472,-1.8081,-2.02858,-1.64046,-1.88759,-1.0413,-0.000166181,0.000166181,8.94822e-05,-0.000431432,-0.000383495,0.000743022,7.58873e-06,1.67881e-05,3.11566e-05,-9.91968e-05,-0.00044833,0.000608786,0.630185,0.775931,0.0282258,0.773858,-0.630636,0.0586788,0.063331,-0.0151358,-0.997878,0.124936,0.343686,-0.629682,
-0.0241954,0.000957597,-0.0208325,-0.000854,0.000165,-0.000228,0.262472,-1.80808,-2.02859,-1.64048,-1.88755,-1.04129,-0.000153398,0.000166181,7.6699e-05,-0.000407464,-0.000383495,0.000695085,1.35516e-05,9.99745e-06,2.99105e-05,-7.55358e-05,-0.000414903,0.000588705,0.630197,0.775922,0.0282226,0.773846,-0.630646,0.0587169,0.0633583,-0.0151632,-0.997876,0.124926,0.343691,-0.629681,
-0.0254162,0.0173622,-0.0630923,-0.000417,-6e-06,0.000137,0.262436,-1.8081,-2.02858,-1.64048,-1.88759,-1.04127,-0.000153398,0.000166181,7.6699e-05,-0.000383495,-0.000383495,0.00062318,1.60029e-05,1.06575e-05,3.54886e-05,-4.18891e-05,-0.00035787,0.000539397,0.630199,0.77592,0.0282454,0.773844,-0.63065,0.0587131,0.0633696,-0.0151434,-0.997875,0.124932,0.343706,-0.629671,
-0.0278099,0.00171978,-0.0413738,-0.000201,-0.000192,-0.000258,0.262496,-1.80807,-2.02857,-1.64049,-1.88758,-1.04128,-0.000140615,0.000166181,7.6699e-05,-0.000359527,-0.000383495,0.000575243,2.01719e-05,3.38649e-06,4.10688e-05,-2.14838e-05,-0.000312107,0.000519318,0.630214,0.775909,0.0282109,0.773836,-0.630663,0.0586686,0.063313,-0.0151431,-0.997879,0.124923,0.343674,-0.6297,
-0.0291968,-0.00125777,-0.10478,9.7e-05,0.000383,0.000299,0.262484,-1.80813,-2.02854,-1.64048,-1.88758,-1.04126,-0.000140615,0.000166181,7.6699e-05,-0.000359527,-0.000383495,0.000551274,2.01689e-05,3.38809e-06,4.10709e-05,-8.21132e-06,-0.000300808,0.000502882,0.630231,0.775894,0.0282319,0.77382,-0.630682,0.0586856,0.0633392,-0.0151391,-0.997877,0.124947,0.343689,-0.629693,
0.00144324,-0.00311272,-0.0410163,-0.00021,0.000745,-0.00024,0.26246,-1.80814,-2.02856,-1.64051,-1.8876,-1.04126,-0.000140615,0.000166181,7.6699e-05,-0.000335558,-0.000383495,0.000527306,2.26205e-05,4.04734e-06,4.66485e-05,-1.16864e-06,-0.000266377,0.000486442,0.630229,0.775894,0.0282824,0.773818,-0.630682,0.0586968,0.0633797,-0.015107,-0.997875,0.12496,0.343698,-0.629676,
-0.00843156,0.00611426,-0.0416898,-0.00081,0.000827,-3.4e-05,0.262448,-1.80813,-2.02859,-1.64051,-1.88755,-1.04129,-0.000140615,0.000166181,7.6699e-05,-0.00031159,-0.000383495,0.000527306,2.50694e-05,4.70262e-06,5.22289e-05,-7.41644e-06,-0.000243211,0.000486446,0.630199,0.775918,0.0282854,0.773838,-0.630652,0.058759,0.0634304,-0.0151416,-0.997871,0.124956,0.343712,-0.629659,
-0.0162216,0.0141183,-0.0625154,-0.001736,0.001086,0.000151,0.262472,-1.80813,-2.02859,-1.64048,-1.88755,-1.04128,-0.000140615,0.000166181,7.6699e-05,-0.00031159,-0.000383495,0.000527306,2.50685e-05,4.70264e-06,5.22285e-05,-7.39618e-06,-0.000243207,0.000486448,0.630216,0.775905,0.0282653,0.773827,-0.630668,0.0587334,0.0633976,-0.0151423,-0.997873,0.124956,0.343698,-0.629667,
-0.00657008,0.0232838,-0.0204538,-0.001009,0.00064,-0.000219,0.262448,-1.80809,-2.02857,-1.64048,-1.88762,-1.04127,-0.000140615,0.000166181,7.6699e-05,-0.000287621,-0.000383495,0.000527306,2.7524e-05,5.36216e-06,5.78043e-05,-1.35693e-05,-0.000220077,0.000486445,0.6302,0.775919,0.0282326,0.773846,-0.630651,0.0586737,0.063331,-0.0151285,-0.997878,0.124926,0.343693,-0.629684,
-0.00854419,0.00581338,-0.104956,-0.000815,0.000819,0.000519,0.26246,-1.80808,-2.02856,-1.64048,-1.88758,-1.04129,-0.000140615,0.000166181,7.6699e-05,-0.000287621,-0.000383495,0.000527306,2.75242e-05,5.3615e-06,5.78068e-05,-1.35612e-05,-0.000220057,0.000486451,0.630183,0.775935,0.0281993,0.77386,-0.630631,0.0586907,0.0633235,-0.0151636,-0.997878,0.124915,0.343695,-0.629695,
-0.0278746,-0.000124412,-0.021098,-0.000212,0.00019,-0.00023,0.262472,-1.80809,-2.02862,-1.64047,-1.88763,-1.04129,-0.000140615,0.000166181,6.39159e-05,-0.000263653,-0.000383495,0.000527306,3.17673e-05,6.50197e-06,5.6554e-05,-1.64854e-05,-0.000209287,0.000486441,0.630203,0.775916,0.02827,0.773842,-0.630656,0.0586576,0.063342,-0.0150897,-0.997878,0.124944,0.343674,-0.629668,
-0.0190318,-0.0257584,-0.0416195,0.000586,0.000295,-0.000251,0.26246,-1.80815,-2.02858,-1.64049,-1.88759,-1.04128,-0.000140615,0.000166181,6.39159e-05,-0.000263653,-0.000383495,0.000527306,3.17644e-05,6.50343e-06,5.65599e-05,-1.65256e-05,-0.000209278,0.000486442,0.630216,0.775904,0.0282992,0.773827,-0.63067,0.0587161,0.0634055,-0.0151051,-0.997874,0.12497,0.3437,-0.629662,
-0.0162621,-0.00844232,-0.0835914,0.000382,9.9e-05,0.000116,0.26246,-1.80809,-2.02859,-1.64046,-1.88759,-1.04128,-0.000140615,0.000166181,6.39159e-05,-0.000263653,-0.000383495,0.000527306,3.1767e-05,6.50099e-06,5.65571e-05,-1.64748e-05,-0.000209264,0.000486448,0.630197,0.775922,0.0282249,0.773847,-0.630647,0.0586874,0.0633368,-0.0151429,-0.997877,0.124929,0.34369,-0.629677,
-0.0281647,0.00172528,-0.0413964,-0.000201,-0.000192,-0.000258,0.26246,-1.80808,-2.02857,-1.64047,-1.88762,-1.04124,-0.000140615,0.000166181,6.39159e-05,-0.000263653,-0.000383495,0.000527306,3.17695e-05,6.50243e-06,5.65564e-05,-1.64543e-05,-0.000209271,0.000486446,0.63022,0.775904,0.028212,0.773832,-0.63067,0.0586568,0.0633045,-0.0151354,-0.997879,0.124919,0.343685,-0.629691,
-0.00961483,0.00915404,-0.0846707,-0.000791,5.9e-05,0.000537,0.262484,-1.80807,-2.02859,-1.64047,-1.88758,-1.04126,-0.000140615,0.000166181,6.39159e-05,-0.000263653,-0.000383495,0.000527306,3.17684e-05,6.50112e-06,5.65574e-05,-1.64655e-05,-0.000209257,0.00048645,0.630226,0.775899,0.0282108,0.773825,-0.630675,0.0586774,0.0633196,-0.0151498,-0.997878,0.124921,0.343677,-0.629688,
-0.00943271,0.00744154,-0.00111797,-0.000797,0.000449,1.1e-05,0.262496,-1.80808,-2.02858,-1.64048,-1.8876,-1.04129,-0.000140615,0.000166181,6.39159e-05,-0.000263653,-0.000383495,0.000527306,3.17688e-05,6.50311e-06,5.65569e-05,-1.64644e-05,-0.00020927,0.000486446,0.630208,0.775913,0.0282307,0.773841,-0.630659,0.0586502,0.0633114,-0.0151157,-0.997879,0.124933,0.343668,-0.629693,
-0.0260309,-0.000111698,-0.0412842,-0.000539,0.000367,-0.000252,0.262472,-1.80811,-2.02858,-1.64051,-1.88759,-1.0413,-0.000140615,0.000166181,6.39159e-05,-0.000263653,-0.000383495,0.000527306,3.17669e-05,6.5033e-06,5.65591e-05,-1.65087e-05,-0.000209274,0.000486443,0.630198,0.775919,0.0282786,0.773843,-0.630652,0.0586992,0.0633798,-0.015109,-0.997875,0.124954,0.34369,-0.629674,
-0.023316,-0.000543041,-0.0614094,-0.000867,0.000543,-0.000273,0.262472,-1.80811,-2.02858,-1.64052,-1.88762,-1.04126,-0.000140615,0.000166181,6.39159e-05,-0.000263653,-0.000383495,0.000527306,3.17678e-05,6.50427e-06,5.65577e-05,-1.65102e-05,-0.000209287,0.00048644,0.630238,0.775886,0.0282978,0.773811,-0.630693,0.0586811,0.0633771,-0.015086,-0.997876,0.124959,0.343685,-0.629673,
-0.0278375,-0.0156475,-0.01953,-0.000323,0.000181,-0.000646,0.262472,-1.80809,-2.02862,-1.64054,-1.88762,-1.04129,-0.000140615,0.000166181,6.39159e-05,-0.000263653,-0.000383495,0.000527306,3.17688e-05,6.5032e-06,5.6556e-05,-1.65318e-05,-0.000209293,0.000486437,0.630218,0.775901,0.0283294,0.773824,-0.630675,0.0586934,0.0634069,-0.0150676,-0.997874,0.12496,0.34368,-0.629661,
-0.0398222,-0.00450646,-0.0835776,-0.000589,-0.000304,0.000107,0.26246,-1.80805,-2.02858,-1.64048,-1.88758,-1.04124,-0.000140615,0.000166181,6.39159e-05,-0.000263653,-0.000359527,0.000527306,2.90446e-05,1.16644e-05,5.79047e-05,-3.3166e-05,-0.000213742,0.000469856,0.63022,0.775905,0.0281993,0.77383,-0.630668,0.0586907,0.0633228,-0.0151666,-0.997878,0.124908,0.34369,-0.62969,
-0.0395204,-0.00422102,5.19637e-05,-0.000898,-0.000497,-0.000423,0.262472,-1.80809,-2.02858,-1.64051,-1.88759,-1.04127,-0.000140615,0.000166181,6.39159e-05,-0.000263653,-0.000359527,0.000503337,2.90429e-05,1.16664e-05,5.79052e-05,-1.99034e-05,-0.000202455,0.000453416,0.630221,0.775902,0.028257,0.773826,-0.630673,0.0586909,0.0633593,-0.0151222,-0.997876,0.124939,0.343687,-0.629681,
-0.039126,-0.00374157,6.97195e-05,-0.000898,-0.000497,-0.000423,0.262484,-1.80807,-2.02858,-1.64052,-1.88759,-1.04128,-0.000140615,0.000166181,6.39159e-05,-0.000263653,-0.000335558,0.000455401,2.6319e-05,1.683e-05,5.92517e-05,-1.00123e-05,-0.000184335,0.000403955,0.630216,0.775906,0.028247,0.773832,-0.630667,0.0586781,0.0633432,-0.0151214,-0.997877,0.12493,0.343678,-0.629689,
-0.0353955,-0.0210074,-0.0410645,-0.001668,-0.000158,-0.000256,0.262448,-1.80804,-2.02858,-1.64049,-1.88757,-1.04128,-0.000140615,0.000153398,5.11327e-05,-0.000263653,-0.00031159,0.000431432,2.2083e-05,2.1585e-05,4.56688e-05,-6.77683e-06,-0.000202195,0.000370931,0.630185,0.775933,0.0281945,0.773857,-0.630633,0.0587105,0.0633358,-0.01518,-0.997877,0.124899,0.343698,-0.62969,
-0.0345641,-0.0086259,0.000330066,-0.001576,0.00062,-0.00041,0.262472,-1.8081,-2.02857,-1.64051,-1.88764,-1.04127,-0.000140615,0.000153398,5.11327e-05,-0.000263653,-0.00031159,0.000407464,2.2081e-05,2.15892e-05,4.56672e-05,6.5043e-06,-0.000190926,0.000354488,0.630222,0.7759,0.0282743,0.773828,-0.630675,0.0586465,0.0633358,-0.0150808,-0.997878,0.124947,0.343678,-0.629684,
-0.0341503,-0.00762403,-0.0629222,-0.001581,0.000612,0.000142,0.262472,-1.80811,-2.02858,-1.64052,-1.8876,-1.04126,-0.000140615,0.000153398,5.11327e-05,-0.000263653,-0.000287621,0.000383495,1.93541e-05,2.67522e-05,4.70157e-05,3.07186e-06,-0.000184102,0.000321461,0.630238,0.775886,0.0282935,0.77381,-0.630692,0.0586922,0.063383,-0.0150963,-0.997875,0.124958,0.343688,-0.629673,
-0.0320789,-0.00822618,-0.0198213,-0.001903,0.000797,-0.000432,0.26246,-1.8081,-2.02858,-1.64051,-1.88763,-1.04124,-0.000140615,0.000153398,5.11327e-05,-0.000263653,-0.000287621,0.000383495,1.93551e-05,2.67518e-05,4.70143e-05,3.08446e-06,-0.000184107,0.00032146,0.630236,0.775888,0.0282805,0.773814,-0.63069,0.0586706,0.063358,-0.0150925,-0.997877,0.124947,0.343686,-0.629675,
-0.0359471,-0.00896649,-0.020104,-0.001261,0.000822,-0.000434,0.26246,-1.80807,-2.02858,-1.64051,-1.8876,-1.04129,-0.000140615,0.000153398,5.11327e-05,-0.000263653,-0.000263653,0.000359527,1.66312e-05,3.19141e-05,4.83615e-05,-3.13828e-07,-0.000177279,0.000288435,0.630191,0.775927,0.0282398,0.773852,-0.630642,0.0586804,0.0633408,-0.0151264,-0.997877,0.124923,0.343687,-0.629685,
-0.0237828,-0.0169971,-0.0622153,-0.000982,0.000529,-6.4e-05,0.262436,-1.80808,-2.02858,-1.64052,-1.88764,-1.04126,-0.000140615,0.000153398,5.11327e-05,-0.000263653,-0.000263653,0.000335558,1.6632e-05,3.19148e-05,4.83604e-05,1.29699e-05,-0.00016599,0.000271998,0.630211,0.775909,0.0282728,0.773835,-0.630664,0.0586726,0.0633553,-0.0150976,-0.997877,0.12493,0.343694,-0.629675,
-0.0275318,0.000587718,-0.0210871,-0.000212,0.00019,-0.00023,0.262448,-1.80807,-2.02862,-1.64052,-1.8876,-1.04127,-0.000140615,0.000153398,5.11327e-05,-0.000263653,-0.000263653,0.000335558,1.6631e-05,3.19131e-05,4.83601e-05,1.29569e-05,-0.000165982,0.000272,0.630213,0.775907,0.0282815,0.77383,-0.630666,0.0587054,0.0633861,-0.0151118,-0.997875,0.124933,0.343691,-0.629664,
-0.026785,0.000366402,-0.0842996,-0.000218,0.000182,0.000322,0.262472,-1.80809,-2.02857,-1.64052,-1.88765,-1.04121,-0.000140615,0.000153398,5.11327e-05,-0.000263653,-0.000239685,0.00031159,1.39048e-05,3.70796e-05,4.97077e-05,9.56769e-06,-0.000159176,0.000238968,0.630268,0.775862,0.0282782,0.77379,-0.630722,0.0586353,0.0633286,-0.0150745,-0.997879,0.124944,0.343674,-0.629686,
-0.0242209,0.0016192,-0.0208441,-0.000854,0.000165,-0.000228,0.26246,-1.80813,-2.02856,-1.64052,-1.88762,-1.04123,-0.000140615,0.000153398,5.11327e-05,-0.000263653,-0.000239685,0.00031159,1.39032e-05,3.70802e-05,4.97103e-05,9.55163e-06,-0.000159169,0.00023897,0.630248,0.775878,0.0282867,0.773803,-0.630702,0.0586857,0.0633735,-0.0150982,-0.997876,0.124956,0.343695,-0.629678,
-0.0217611,0.000859248,-0.0409805,-0.001181,0.000342,-0.000249,0.262448,-1.80811,-2.02857,-1.64053,-1.8876,-1.04124,-0.000140615,0.000153398,5.11327e-05,-0.000263653,-0.000239685,0.000287621,1.39042e-05,3.70795e-05,4.97101e-05,2.28367e-05,-0.000147864,0.000222538,0.630234,0.775889,0.028292,0.773813,-0.630688,0.0587095,0.0633955,-0.015108,-0.997874,0.124951,0.343702,-0.629672,
-0.00676445,-0.00904005,-0.0829358,-0.00124,0.000608,0.000127,0.262436,-1.80809,-2.02862,-1.64052,-1.88764,-1.04127,-0.000140615,0.000153398,5.11327e-05,-0.000263653,-0.000215716,0.000287621,1.11791e-05,4.22411e-05,5.1053e-05,6.13437e-06,-0.000152361,0.000205939,0.630212,0.775906,0.028315,0.77383,-0.630668,0.0586889,0.0633945,-0.0150754,-0.997875,0.124948,0.343693,-0.629655,
-0.010247,0.00695934,-0.0215138,-0.000483,0.000651,-1.3e-05,0.262484,-1.8081,-2.02856,-1.64053,-1.88759,-1.04128,-0.000140615,0.000153398,5.11327e-05,-0.000263653,-0.000215716,0.000263653,1.11782e-05,4.22434e-05,5.10577e-05,1.94394e-05,-0.000141043,0.00018951,0.630221,0.775901,0.0282685,0.773826,-0.630674,0.0586865,0.0633631,-0.0151105,-0.997876,0.124948,0.343685,-0.629689,
-0.0117963,0.00522661,-0.105201,-0.000173,0.000844,0.000517,0.262472,-1.80807,-2.02859,-1.64051,-1.88763,-1.04124,-0.000140615,0.000153398,5.11327e-05,-0.000263653,-0.000215716,0.000263653,1.11794e-05,4.22413e-05,5.10541e-05,1.94498e-05,-0.000141049,0.000189509,0.630237,0.775888,0.0282595,0.773815,-0.63069,0.0586535,0.0633315,-0.0150981,-0.997878,0.124931,0.343674,-0.629683,
-0.0277881,0.000583161,-0.0211033,-0.000212,0.00019,-0.00023,0.262472,-1.80809,-2.02856,-1.64049,-1.88764,-1.04127,-0.000140615,0.000153398,5.11327e-05,-0.000263653,-0.000215716,0.000239685,1.11788e-05,4.22427e-05,5.10557e-05,3.27498e-05,-0.000129746,0.000173075,0.630214,0.775908,0.0282427,0.773837,-0.630666,0.0586343,0.0633065,-0.0150969,-0.99788,0.124934,0.343677,-0.629694,
-0.0305127,-0.0135406,-0.0220366,1.1e-05,-0.000383,-2.8e-05,0.262472,-1.80805,-2.02859,-1.64052,-1.88759,-1.04127,-0.000140615,0.000153398,5.11327e-05,-0.000263653,-0.000191748,0.000239685,8.45464e-06,4.74045e-05,5.2402e-05,1.60356e-05,-0.000134226,0.000156482,0.630218,0.775904,0.0282465,0.773829,-0.63067,0.0586868,0.0633496,-0.0151276,-0.997877,0.124923,0.343682,-0.629684,
-0.0156765,-0.00577344,-0.0834951,7.9e-05,-0.000484,0.000112,0.262472,-1.80807,-2.02857,-1.64053,-1.8876,-1.04127,-0.000140615,0.000153398,5.11327e-05,-0.000263653,-0.000191748,0.000239685,8.4549e-06,4.74058e-05,5.2403e-05,1.6037e-05,-0.000134228,0.000156481,0.630218,0.775904,0.0282504,0.77383,-0.63067,0.0586756,0.0633433,-0.0151174,-0.997877,0.124927,0.343683,-0.629691,
-0.0280943,0.00199988,-0.0413961,-0.000201,-0.000192,-0.000258,0.262472,-1.8081,-2.02858,-1.64052,-1.88762,-1.04129,-0.000127832,0.000153398,5.11327e-05,-0.000263653,-0.000191748,0.000215716,1.01688e-05,3.94762e-05,5.24026e-05,2.932e-05,-0.00012293,0.00015283,0.630208,0.775911,0.0282872,0.773836,-0.630662,0.0586771,0.0633678,-0.0150891,-0.997876,0.124952,0.343683,-0.629676,
-0.0269821,0.000612067,-0.0843159,-0.000218,0.000182,0.000322,0.26246,-1.8081,-2.02858,-1.64049,-1.88764,-1.04124,-0.000127832,0.000153398,5.11327e-05,-0.000263653,-0.000191748,0.000215716,1.01688e-05,3.94759e-05,5.24018e-05,2.93274e-05,-0.000122933,0.000152829,0.630234,0.775891,0.0282743,0.773817,-0.630687,0.0586554,0.0633424,-0.0150875,-0.997878,0.124945,0.343683,-0.629676,
-0.0256962,0.000193277,-0.0412676,-0.000539,0.000367,-0.000252,0.262448,-1.80805,-2.02858,-1.64052,-1.88762,-1.04128,-0.000127832,0.000153398,5.11327e-05,-0.000263653,-0.000167779,0.000215716,7.44707e-06,4.46386e-05,5.37488e-05,1.2628e-05,-0.000127414,0.000136236,0.630194,0.775924,0.0282436,0.77385,-0.630645,0.0586779,0.0633413,-0.0151222,-0.997877,0.124916,0.34369,-0.629684,
-0.0257076,-0.00018128,-0.0412626,-0.000539,0.000367,-0.000252,0.26246,-1.80809,-2.02857,-1.64054,-1.88763,-1.04126,-0.000127832,0.000153398,3.83495e-05,-0.000263653,-0.000167779,0.000215716,9.23958e-06,4.51224e-05,4.69232e-05,1.59353e-05,-0.000139765,0.000136234,0.630229,0.775894,0.0282906,0.773819,-0.630683,0.0586745,0.0633676,-0.0150866,-0.997876,0.124944,0.343688,-0.629681,
-0.0229069,0.0160602,-0.0629654,-0.000756,0.000553,0.000143,0.262472,-1.80809,-2.0286,-1.64052,-1.88763,-1.04124,-0.000115049,0.000153398,3.83495e-05,-0.000239685,-0.000167779,0.000191748,1.34047e-05,3.78497e-05,5.25007e-05,2.30071e-05,-0.000105314,0.000132584,0.630248,0.775878,0.0283017,0.773804,-0.630703,0.0586699,0.0633706,-0.0150766,-0.997876,0.124952,0.343677,-0.629669,
-0.0237672,0.00159662,-0.020815,-0.000854,0.000165,-0.000228,0.262448,-1.8081,-2.02858,-1.64054,-1.88764,-1.04126,-0.000115049,0.000153398,3.83495e-05,-0.000239685,-0.000167779,0.000191748,1.34061e-05,3.78507e-05,5.25018e-05,2.30026e-05,-0.000105318,0.000132584,0.630228,0.775893,0.0283164,0.773818,-0.630684,0.0586806,0.0633886,-0.0150704,-0.997875,0.124953,0.343692,-0.629668,
-0.0235923,0.00322051,-0.104344,-0.000848,-0.000225,0.000298,0.26246,-1.80809,-2.02858,-1.64052,-1.88764,-1.04124,-0.000115049,0.000153398,3.83495e-05,-0.000239685,-0.000167779,0.000191748,1.34059e-05,3.78502e-05,5.25015e-05,2.30126e-05,-0.000105315,0.000132584,0.630236,0.775888,0.0282844,0.773815,-0.63069,0.0586593,0.0633517,-0.0150823,-0.997877,0.124943,0.343683,-0.629677,
-0.0239709,0.00153483,-0.020827,-0.000854,0.000165,-0.000228,0.262472,-1.80807,-2.0286,-1.64052,-1.88764,-1.04128,-0.000115049,0.000153398,3.83495e-05,-0.000215716,-0.000167779,0.000191748,1.58567e-05,3.85078e-05,5.80792e-05,1.67948e-05,-8.21672e-05,0.000132584,0.630215,0.775905,0.0282849,0.773832,-0.630669,0.0586506,0.0633457,-0.0150747,-0.997878,0.124938,0.343671,-0.629676,
-0.0256599,0.000330995,-0.0412674,-0.000539,0.000367,-0.000252,0.262436,-1.80804,-2.0286,-1.64057,-1.88764,-1.04126,-0.000102265,0.000153398,3.83495e-05,-0.000215716,-0.000143811,0.000191748,1.48509e-05,3.57414e-05,5.9426e-05,8.48217e-08,-8.66559e-05,0.000128771,0.630219,0.775901,0.0283049,0.773826,-0.630674,0.058685,0.063385,-0.0150813,-0.997875,0.124926,0.34369,-0.629669,
-0.00885421,-0.00824837,-0.0627764,-0.000913,0.000432,0.000148,0.26246,-1.80809,-2.0286,-1.64054,-1.88759,-1.04124,-0.000102265,0.000153398,3.83495e-05,-0.000215716,-0.000143811,0.000167779,1.48468e-05,3.57417e-05,5.9428e-05,1.33706e-05,-7.53466e-05,0.00011234,0.630246,0.775879,0.0283097,0.773801,-0.630701,0.0587202,0.0634147,-0.015102,-0.997873,0.124951,0.343693,-0.629663,
-0.0208825,-0.000807947,-0.0206476,-0.001193,0.000724,-0.000222,0.262448,-1.80807,-2.02857,-1.64055,-1.88762,-1.04126,-0.000102265,0.000153398,3.83495e-05,-0.000215716,-0.000143811,0.000167779,1.48503e-05,3.57425e-05,5.94286e-05,1.33815e-05,-7.53475e-05,0.000112339,0.63022,0.775902,0.0282752,0.773826,-0.630673,0.0586902,0.0633703,-0.0151076,-0.997876,0.124928,0.343694,-0.629683,
-0.020903,0.015329,-0.0831302,-0.001083,0.000729,0.000122,0.262436,-1.80805,-2.02857,-1.64057,-1.88764,-1.04127,-0.000102265,0.000153398,3.83495e-05,-0.000191748,-0.000143811,0.000167779,1.73022e-05,3.64008e-05,6.50071e-05,7.16421e-06,-5.22033e-05,0.000112339,0.630204,0.775914,0.0282834,0.773839,-0.630658,0.0586767,0.0633652,-0.0150915,-0.997876,0.124923,0.343694,-0.629683,
-0.0218044,0.0171977,-0.0402043,-0.001066,0.000356,-0.000458,0.262472,-1.80803,-2.02856,-1.64058,-1.88759,-1.04123,-0.000102265,0.000153398,3.83495e-05,-0.000191748,-0.000143811,0.000167779,1.73032e-05,3.64014e-05,6.50082e-05,7.16729e-06,-5.21949e-05,0.00011234,0.630246,0.775881,0.0282469,0.773806,-0.630698,0.058687,0.0633494,-0.0151296,-0.997877,0.124912,0.343684,-0.629702,
-0.0220212,0.000520082,-0.0409919,-0.001181,0.000342,-0.000249,0.262448,-1.80805,-2.02859,-1.64054,-1.88763,-1.04127,-8.94822e-05,0.000153398,3.83495e-05,-0.000191748,-0.000143811,0.000167779,1.90171e-05,2.84703e-05,6.50062e-05,7.16382e-06,-5.22016e-05,0.000125122,0.630211,0.775909,0.02828,0.773834,-0.630664,0.0586793,0.0633649,-0.0150963,-0.997876,0.124926,0.343687,-0.629676,
-0.0131014,-0.00756588,-0.0833567,-0.00026,7.4e-05,0.000118,0.262472,-1.80809,-2.02856,-1.64057,-1.8876,-1.04124,-8.94822e-05,0.000153398,3.83495e-05,-0.000191748,-0.000143811,0.000167779,1.90156e-05,2.84719e-05,6.50092e-05,7.15831e-06,-5.21993e-05,0.000125123,0.630247,0.775879,0.0282935,0.773803,-0.630702,0.0586922,0.0633828,-0.0150971,-0.997875,0.124947,0.343689,-0.629686,
-0.0252598,8.96632e-05,-0.0412383,-0.000539,0.000367,-0.000252,0.26246,-1.80811,-2.02853,-1.64054,-1.88764,-1.04122,-8.94822e-05,0.000140615,3.83495e-05,-0.000167779,-0.000143811,0.000143811,1.81603e-05,2.82428e-05,6.24851e-05,1.75551e-05,-3.00974e-05,0.000108689,0.630255,0.775873,0.0282852,0.773799,-0.630709,0.0586596,0.0633522,-0.0150835,-0.997877,0.12495,0.343691,-0.62969,
-0.0271514,0.000672819,-0.0843275,-0.000218,0.000182,0.000322,0.262472,-1.80805,-2.02857,-1.64053,-1.8876,-1.04123,-8.94822e-05,0.000140615,3.83495e-05,-0.000167779,-0.000143811,0.000143811,1.81624e-05,2.82413e-05,6.24833e-05,1.75602e-05,-3.00909e-05,0.00010869,0.630244,0.775884,0.0282398,0.77381,-0.630695,0.0586715,0.063333,-0.0151251,-0.997878,0.12492,0.343681,-0.629695,
-0.0277727,0.000291226,-0.0210979,-0.000212,0.00019,-0.00023,0.26246,-1.80809,-2.02858,-1.64055,-1.88764,-1.04127,-8.94822e-05,0.000140615,3.83495e-05,-0.000167779,-0.000119842,0.000143811,1.54342e-05,3.3405e-05,6.38299e-05,8.47446e-07,-3.45861e-05,9.20929e-05,0.630225,0.775896,0.0283165,0.773821,-0.630681,0.0586717,0.0633818,-0.0150645,-0.997876,0.124952,0.343684,-0.629674,
-0.0272454,0.000945055,-0.0210743,-0.000212,0.00019,-0.00023,0.262484,-1.80808,-2.0286,-1.64055,-1.88762,-1.04123,-8.94822e-05,0.000127832,3.83495e-05,-0.000167779,-0.000119842,0.000143811,1.2128e-05,3.25165e-05,5.57257e-05,4.16161e-06,-4.6929e-05,9.20936e-05,0.630269,0.77586,0.0283194,0.773785,-0.630725,0.0586806,0.0633897,-0.0150715,-0.997875,0.124955,0.343674,-0.629672,
-0.0128344,-0.00729761,-0.0833438,-0.00026,7.4e-05,0.000118,0.26246,-1.80808,-2.02857,-1.64055,-1.88766,-1.04127,-8.94822e-05,2.55663e-05,3.83495e-05,-0.000167779,-0.000119842,0.000143811,-1.43135e-05,2.5413e-05,-9.10319e-06,3.07035e-05,-0.000145697,9.20923e-05,0.630221,0.7759,0.0283036,0.773827,-0.630676,0.0586412,0.0633501,-0.0150548,-0.997878,0.124943,0.343678,-0.629683,
-0.0107267,0.00718228,-0.0215476,-0.000483,0.000651,-1.3e-05,0.262436,-1.80807,-2.02857,-1.64057,-1.88762,-1.04123,-7.6699e-05,2.55663e-05,3.83495e-05,-0.000167779,-0.000119842,0.000143811,-1.25963e-05,1.74832e-05,-9.10241e-06,3.06968e-05,-0.000145691,0.000104877,0.630235,0.775889,0.0282853,0.773813,-0.630688,0.058703,0.0633862,-0.0151091,-0.997875,0.124928,0.343701,-0.629679,
-0.0123317,0.00865653,-0.084884,-0.000149,8.4e-05,0.000534,0.262472,-1.80809,-2.0286,-1.64052,-1.88762,-1.04127,-7.6699e-05,2.55663e-05,3.83495e-05,-0.000143811,-0.000119842,0.000143811,-1.01472e-05,1.81406e-05,-3.52385e-06,2.44809e-05,-0.000122543,0.000104877,0.630229,0.775893,0.0282973,0.773818,-0.630684,0.058681,0.0633769,-0.0150854,-0.997876,0.124951,0.34368,-0.629669,
-0.0253237,0.000215304,-0.0412443,-0.000539,0.000367,-0.000252,0.262448,-1.80803,-2.02859,-1.64055,-1.88762,-1.04128,-7.6699e-05,2.55663e-05,3.83495e-05,-0.000143811,-0.000119842,0.000143811,-1.0146e-05,1.81402e-05,-3.52326e-06,2.44842e-05,-0.000122542,0.000104877,0.630199,0.775919,0.0282651,0.773844,-0.630651,0.0586863,0.0633612,-0.0151112,-0.997876,0.124913,0.343688,-0.629682,
-0.0279004,0.00206677,-0.0413848,-0.000201,-0.000192,-0.000258,0.26246,-1.80805,-2.02859,-1.64058,-1.8876,-1.04124,-7.6699e-05,2.55663e-05,3.83495e-05,-0.000143811,-0.000119842,0.000119842,-1.01458e-05,1.81408e-05,-3.5233e-06,3.77694e-05,-0.00011124,8.84447e-05,0.630243,0.775881,0.0283035,0.773805,-0.630698,0.058705,0.0633991,-0.0150971,-0.997874,0.124935,0.343688,-0.629676,
-0.0147086,-0.00707017,-0.0631621,6.7e-05,-0.000102,0.00014,0.262436,-1.80805,-2.02859,-1.64055,-1.88759,-1.04122,-7.6699e-05,2.55663e-05,3.83495e-05,-0.000143811,-0.000119842,0.000119842,-1.01459e-05,1.81407e-05,-3.52305e-06,3.77699e-05,-0.000111238,8.84449e-05,0.630244,0.775882,0.0282771,0.773804,-0.630696,0.0587253,0.0633982,-0.0151303,-0.997874,0.124923,0.343703,-0.629672,
-0.0290443,0.000738408,-0.00088129,0.000115,1.3e-05,-0.000209,0.262436,-1.80809,-2.02856,-1.64055,-1.88763,-1.04127,-7.6699e-05,2.55663e-05,3.83495e-05,-0.000143811,-0.000119842,0.000119842,-1.01461e-05,1.8142e-05,-3.52326e-06,3.77718e-05,-0.000111242,8.84439e-05,0.630207,0.775912,0.02829,0.773836,-0.630661,0.058692,0.0633813,-0.0150963,-0.997875,0.124938,0.343702,-0.629679,
-0.0248612,3.02881e-05,-0.104475,-0.000545,0.000358,0.000301,0.262472,-1.80805,-2.02862,-1.64052,-1.88759,-1.04126,-7.6699e-05,2.55663e-05,3.83495e-05,-0.000143811,-0.000119842,0.000119842,-1.01472e-05,1.81395e-05,-3.52341e-06,3.77758e-05,-0.000111236,8.84448e-05,0.630233,0.775892,0.0282676,0.773816,-0.630685,0.058695,0.0633689,-0.0151176,-0.997876,0.12493,0.34368,-0.629673,
-0.00735748,0.00891114,-0.0415645,-0.001113,0.000244,-3.8e-05,0.262448,-1.80808,-2.02858,-1.64057,-1.88759,-1.04124,-7.6699e-05,2.55663e-05,3.83495e-05,-0.000143811,-0.000119842,0.000119842,-1.0146e-05,1.81413e-05,-3.52304e-06,3.77674e-05,-0.000111239,8.8445e-05,0.630237,0.775887,0.0282987,0.773809,-0.630691,0.0587248,0.0634115,-0.0151127,-0.997873,0.12494,0.343701,-0.629672,
-0.0213502,0.000702487,-0.040952,-0.001181,0.000342,-0.000249,0.262472,-1.80808,-2.02857,-1.64058,-1.8876,-1.04121,-6.39159e-05,2.55663e-05,3.83495e-05,-0.000143811,-9.58738e-05,0.000119842,-1.11553e-05,1.53751e-05,-2.17619e-06,2.10699e-05,-0.000115726,8.46317e-05,0.630278,0.775853,0.0283036,0.773777,-0.630733,0.0586962,0.0633916,-0.0150942,-0.997875,0.124946,0.343687,-0.629683,
-0.0226475,0.0159774,-0.0629477,-0.000756,0.000553,0.000143,0.26246,-1.80804,-2.02858,-1.64053,-1.88767,-1.04126,-6.39159e-05,2.55663e-05,3.83495e-05,-0.000119842,-9.58738e-05,0.000119842,-8.70497e-06,1.60327e-05,3.40227e-06,1.48639e-05,-9.25835e-05,8.46304e-05,0.63022,0.775902,0.0282657,0.773832,-0.630673,0.0586138,0.063305,-0.0150666,-0.99788,0.12492,0.343668,-0.62969,
-0.0244761,0.00170429,-0.0208616,-0.000854,0.000165,-0.000228,0.26246,-1.80809,-2.02858,-1.64052,-1.88762,-1.04127,-6.39159e-05,2.55663e-05,3.83495e-05,-0.000119842,-9.58738e-05,0.000119842,-8.70568e-06,1.6033e-05,3.40279e-06,1.48555e-05,-9.25787e-05,8.46317e-05,0.630217,0.775904,0.0282757,0.773829,-0.63067,0.0586815,0.0633639,-0.0151015,-0.997876,0.124941,0.343688,-0.629677,
-0.0234259,0.00125887,-0.0840515,-0.000859,0.000157,0.000325,0.26246,-1.80807,-2.02858,-1.64054,-1.88763,-1.04128,-6.39159e-05,2.55663e-05,3.83495e-05,-0.000119842,-9.58738e-05,0.000119842,-8.70508e-06,1.60329e-05,3.40276e-06,1.48561e-05,-9.25799e-05,8.46314e-05,0.630208,0.775911,0.0282805,0.773837,-0.630662,0.0586706,0.0633586,-0.0150902,-0.997877,0.124933,0.343683,-0.629682,
-0.0238973,0.00144998,-0.020821,-0.000854,0.000165,-0.000228,0.262448,-1.80807,-2.02859,-1.64055,-1.88764,-1.04124,-6.39159e-05,2.55663e-05,3.83495e-05,-0.000119842,-9.58738e-05,0.000119842,-8.70464e-06,1.60331e-05,3.40239e-06,1.48522e-05,-9.25823e-05,8.46308e-05,0.630235,0.775888,0.0283054,0.773813,-0.63069,0.0586763,0.0633782,-0.0150768,-0.997876,0.124937,0.343687,-0.629672,
-0.0272839,0.00081317,-0.0210747,-0.000212,0.00019,-0.00023,0.26246,-1.80804,-2.02858,-1.64054,-1.88762,-1.04122,-6.39159e-05,2.55663e-05,3.83495e-05,-0.000119842,-9.58738e-05,0.000119842,-8.70492e-06,1.60325e-05,3.40307e-06,1.48589e-05,-9.25778e-05,8.46319e-05,0.63025,0.775878,0.0282551,0.773804,-0.630701,0.0586735,0.063344,-0.0151151,-0.997877,0.124917,0.343683,-0.629688,
-0.00925047,0.0076535,-0.062017,-0.000798,0.000445,-6.1e-05,0.262448,-1.80807,-2.02857,-1.64054,-1.88766,-1.04122,-6.39159e-05,2.55663e-05,2.55663e-05,-0.000119842,-9.58738e-05,0.000119842,-6.91057e-06,1.65153e-05,-3.42411e-06,1.81753e-05,-0.000104929,8.46305e-05,0.630246,0.77588,0.028282,0.773808,-0.6307,0.0586417,0.0633364,-0.0150739,-0.997878,0.12493,0.343682,-0.629685,
-0.0241367,0.0016259,-0.0208389,-0.000854,0.000165,-0.000228,0.262472,-1.80807,-2.02858,-1.64057,-1.88769,-1.04124,-6.39159e-05,2.55663e-05,2.55663e-05,-0.000119842,-9.58738e-05,0.000119842,-6.91034e-06,1.65155e-05,-3.42466e-06,1.81739e-05,-0.000104932,8.46295e-05,0.630249,0.775877,0.0283239,0.773805,-0.630706,0.0586141,0.0633413,-0.0150243,-0.997879,0.124947,0.343664,-0.629683,
-0.00878436,0.00872859,-0.0643596,-0.000802,0.000441,0.000564,0.262436,-1.80803,-2.02856,-1.64057,-1.88763,-1.04123,-6.39159e-05,2.55663e-05,2.55663e-05,-0.000119842,-9.58738e-05,0.000119842,-6.91009e-06,1.6515e-05,-3.42338e-06,1.81754e-05,-0.000104924,8.46317e-05,0.630225,0.775899,0.0282478,0.773825,-0.630676,0.0586757,0.0633416,-0.01512,-0.997877,0.124904,0.343694,-0.629695,
-0.011359,-0.00988297,-0.0199988,-0.000593,0.000641,-0.000428,0.26246,-1.80804,-2.02859,-1.64055,-1.88762,-1.04123,-6.39159e-05,2.55663e-05,2.55663e-05,-0.000119842,-9.58738e-05,0.000119842,-6.91047e-06,1.65146e-05,-3.42379e-06,1.81722e-05,-0.000104924,8.46317e-05,0.630245,0.775881,0.0282762,0.773806,-0.630699,0.0586817,0.0633637,-0.0151036,-0.997876,0.124924,0.343683,-0.629681,
-0.0115536,-0.00807962,-0.0402903,-0.000582,0.000259,-0.000456,0.262472,-1.80809,-2.02858,-1.64055,-1.88759,-1.04124,-6.39159e-05,2.55663e-05,2.55663e-05,-0.000119842,-9.58738e-05,0.000119842,-6.9109e-06,1.65153e-05,-3.42352e-06,1.8167e-05,-0.000104923,8.4632e-05,0.63025,0.775876,0.0282997,0.7738,-0.630704,0.0587074,0.0633984,-0.0151021,-0.997874,0.12495,0.343689,-0.629676,
-0.0123078,-0.00925411,-0.0630288,-0.000272,0.000456,0.000146,0.262448,-1.80807,-2.02859,-1.64053,-1.88763,-1.04128,-6.39159e-05,2.55663e-05,2.55663e-05,-0.000119842,-9.58738e-05,0.000119842,-6.91072e-06,1.65148e-05,-3.42399e-06,1.81716e-05,-0.000104926,8.46314e-05,0.630202,0.775916,0.0282796,0.773842,-0.630655,0.0586791,0.0633647,-0.0150958,-0.997876,0.124931,0.343688,-0.629674,
-0.0159267,-0.00536104,-0.0202539,8.4e-05,-0.000476,-0.000441,0.262448,-1.80805,-2.02857,-1.64054,-1.88765,-1.04122,-6.39159e-05,2.55663e-05,2.55663e-05,-0.000119842,-9.58738e-05,0.000119842,-6.9106e-06,1.65151e-05,-3.42391e-06,1.81763e-05,-0.000104927,8.4631e-05,0.630243,0.775883,0.0282671,0.77381,-0.630696,0.0586487,0.0633325,-0.0150896,-0.997878,0.124921,0.343684,-0.629688,
-0.0134516,-0.0074936,-0.08338,-0.00026,7.4e-05,0.000118,0.262448,-1.80807,-2.02857,-1.64055,-1.88766,-1.04122,-5.11327e-05,2.55663e-05,2.55663e-05,-0.000119842,-9.58738e-05,0.000119842,-5.19373e-06,8.58571e-06,-3.42414e-06,1.81736e-05,-0.000104929,9.74136e-05,0.630249,0.775878,0.0282925,0.773805,-0.630703,0.0586458,0.0633462,-0.0150685,-0.997878,0.124933,0.343683,-0.629684,
-0.0137192,-0.00719724,-0.0201381,-0.000255,8.3e-05,-0.000435,0.262436,-1.80805,-2.02859,-1.64055,-1.8876,-1.04123,-5.11327e-05,2.55663e-05,2.55663e-05,-0.000119842,-9.58738e-05,0.000119842,-5.19379e-06,8.58508e-06,-3.42369e-06,1.81673e-05,-0.000104924,9.74151e-05,0.630235,0.775889,0.0282814,0.773812,-0.630688,0.0587142,0.0633925,-0.0151193,-0.997874,0.124924,0.3437,-0.629672,
-0.0271299,0.000354208,-0.021058,-0.000212,0.00019,-0.00023,0.262472,-1.80805,-2.02857,-1.64053,-1.88765,-1.04127,-5.11327e-05,2.55663e-05,2.55663e-05,-0.000119842,-9.58738e-05,0.000119842,-5.19447e-06,8.58508e-06,-3.42388e-06,1.81806e-05,-0.000104926,9.74143e-05,0.630216,0.775905,0.0282571,0.773834,-0.630669,0.0586271,0.06331,-0.0150814,-0.99788,0.124924,0.34367,-0.629695,
-0.011639,-0.00774544,-0.0426568,-0.000586,0.000255,0.000169,0.262448,-1.80801,-2.02857,-1.64055,-1.88765,-1.04124,-5.11327e-05,2.55663e-05,2.55663e-05,-0.000119842,-9.58738e-05,0.000119842,-5.19378e-06,8.58479e-06,-3.42372e-06,1.81815e-05,-0.000104926,9.74145e-05,0.630217,0.775906,0.028235,0.773834,-0.630668,0.0586363,0.0633032,-0.0151044,-0.99788,0.124895,0.343678,-0.629701,
-0.0244953,0.00129712,-0.0208567,-0.000854,0.000165,-0.000228,0.262448,-1.80808,-2.02858,-1.64058,-1.88763,-1.04126,-5.11327e-05,2.55663e-05,2.55663e-05,-0.000119842,-7.19053e-05,0.000119842,-7.91906e-06,1.37494e-05,-2.07704e-06,1.46393e-06,-0.000109414,8.08177e-05,0.630231,0.775891,0.0283222,0.773815,-0.630687,0.0586956,0.0634038,-0.0150756,-0.997874,0.124946,0.343693,-0.629672,
-0.0249705,0.00204242,-0.0638584,-0.000532,-2e-05,0.000346,0.262448,-1.80809,-2.02859,-1.64059,-1.88759,-1.04123,-5.11327e-05,2.55663e-05,2.55663e-05,-0.000119842,-7.19053e-05,0.000119842,-7.91888e-06,1.37494e-05,-2.07703e-06,1.45743e-06,-0.000109411,8.08177e-05,0.630257,0.775869,0.0283409,0.77379,-0.630713,0.0587411,0.0634504,-0.0150921,-0.997871,0.124956,0.343703,-0.629661,
-0.0229053,0.00142944,-0.0207577,-0.000854,0.000165,-0.000228,0.262448,-1.80807,-2.02856,-1.64055,-1.88766,-1.04124,-5.11327e-05,2.55663e-05,2.55663e-05,-0.000119842,-7.19053e-05,0.000119842,-7.91952e-06,1.37492e-05,-2.07681e-06,1.47348e-06,-0.000109416,8.08183e-05,0.630227,0.775895,0.0282824,0.773823,-0.630682,0.0586419,0.0633372,-0.0150722,-0.997878,0.124929,0.343684,-0.629689,
-0.0277275,0.000862851,-0.0211037,-0.000212,0.00019,-0.00023,0.26246,-1.80809,-2.02856,-1.64059,-1.88766,-1.04123,-5.11327e-05,2.55663e-05,2.55663e-05,-0.000119842,-7.19053e-05,0.000119842,-7.91908e-06,1.37498e-05,-2.07707e-06,1.4672e-06,-0.000109418,8.08167e-05,0.630257,0.77587,0.0283357,0.773796,-0.630714,0.0586536,0.0633792,-0.0150408,-0.997876,0.124955,0.343683,-0.629682,
-0.0232599,0.00191439,-0.0840509,-0.000859,0.000157,0.000325,0.262472,-1.80807,-2.02859,-1.64058,-1.88766,-1.04124,-5.11327e-05,2.55663e-05,2.55663e-05,-0.000119842,-7.19053e-05,0.000119842,-7.9192e-06,1.37491e-05,-2.07747e-06,1.46851e-06,-0.000109418,8.08167e-05,0.630253,0.775872,0.0283362,0.773799,-0.630711,0.0586449,0.0633729,-0.0150347,-0.997877,0.124951,0.34367,-0.629676,
-0.0237427,0.00204958,-0.0208203,-0.000854,0.000165,-0.000228,0.26246,-1.80808,-2.02858,-1.64059,-1.88765,-1.04127,-5.11327e-05,2.55663e-05,2.55663e-05,-0.000119842,-7.19053e-05,0.000119842,-7.91894e-06,1.37495e-05,-2.07729e-06,1.46503e-06,-0.000109417,8.08167e-05,0.630231,0.77589,0.0283419,0.773815,-0.630688,0.0586688,0.0633954,-0.0150435,-0.997875,0.124954,0.343682,-0.629674,
-0.023085,0.00188542,-0.0840394,-0.000859,0.000157,0.000325,0.26246,-1.80802,-2.02858,-1.64054,-1.88763,-1.04123,-5.11327e-05,2.55663e-05,2.55663e-05,-0.000119842,-7.19053e-05,0.000119842,-7.91977e-06,1.37481e-05,-2.07658e-06,1.4774e-06,-0.000109411,8.08202e-05,0.630235,0.775891,0.0282383,0.773818,-0.630686,0.0586542,0.0633188,-0.0151147,-0.997879,0.124904,0.343677,-0.629695,
-0.024327,0.00118556,-0.0208443,-0.000854,0.000165,-0.000228,0.262448,-1.80807,-2.0286,-1.64054,-1.88763,-1.04123,-5.11327e-05,2.55663e-05,2.55663e-05,-0.000119842,-7.19053e-05,0.000119842,-7.91953e-06,1.37487e-05,-2.07724e-06,1.46697e-06,-0.000109413,8.08183e-05,0.630244,0.775881,0.0283011,0.773805,-0.630699,0.0586874,0.0633839,-0.0150879,-0.997875,0.124937,0.343688,-0.629668,
-0.00719539,0.00923205,-0.041559,-0.001113,0.000244,-3.8e-05,0.262472,-1.80805,-2.02857,-1.64057,-1.88762,-1.04124,-5.11327e-05,2.55663e-05,2.55663e-05,-0.000119842,-7.19053e-05,0.000119842,-7.91967e-06,1.37487e-05,-2.07656e-06,1.47204e-06,-0.000109411,8.08193e-05,0.630242,0.775883,0.0282762,0.773809,-0.630696,0.0586728,0.063357,-0.0150977,-0.997877,0.12493,0.34368,-0.629691,
-0.0230676,-0.000325745,-0.0637529,-0.000871,0.000539,0.000352,0.262472,-1.80805,-2.02857,-1.64059,-1.88762,-1.04123,-5.11327e-05,2.55663e-05,2.55663e-05,-0.000119842,-7.19053e-05,0.000119842,-7.91925e-06,1.3749e-05,-2.07664e-06,1.46901e-06,-0.000109412,8.08186e-05,0.630257,0.775871,0.0282973,0.773795,-0.630712,0.058681,0.0633763,-0.0150877,-0.997876,0.124935,0.343682,-0.629689,
-0.00925363,0.0097375,-0.0213933,-0.000786,6.7e-05,-1.6e-05,0.262436,-1.80805,-2.02858,-1.64058,-1.88762,-1.04122,-5.11327e-05,2.55663e-05,2.55663e-05,-0.000119842,-7.19053e-05,0.000119842,-7.91889e-06,1.37491e-05,-2.0768e-06,1.46501e-06,-0.000109412,8.08186e-05,0.630247,0.775879,0.0282963,0.773802,-0.630701,0.0587072,0.0633962,-0.0151043,-0.997874,0.124927,0.343699,-0.629675,
-0.023077,0.00122855,-0.0840289,-0.000859,0.000157,0.000325,0.262448,-1.80803,-2.02858,-1.64057,-1.88759,-1.04122,-5.11327e-05,2.55663e-05,2.55663e-05,-0.000119842,-7.19053e-05,0.000119842,-7.91929e-06,1.37484e-05,-2.07642e-06,1.46958e-06,-0.000109408,8.08202e-05,0.630245,0.775882,0.0282565,0.773805,-0.630697,0.0587085,0.0633721,-0.0151357,-0.997875,0.124911,0.343695,-0.629686,
-0.0257271,0.00146239,-0.000634307,-0.000527,-1.2e-05,-0.000207,0.262436,-1.80807,-2.02854,-1.64055,-1.88767,-1.04124,-5.11327e-05,2.55663e-05,2.55663e-05,-0.000119842,-7.19053e-05,0.000119842,-7.91941e-06,1.37494e-05,-2.07671e-06,1.4744e-06,-0.000109416,8.08183e-05,0.630218,0.775903,0.0282752,0.773831,-0.630672,0.0586352,0.0633277,-0.0150727,-0.997879,0.124924,0.343688,-0.629692,
-0.013378,0.00911861,-0.0216941,-0.000144,9.2e-05,-1.9e-05,0.262436,-1.80804,-2.02862,-1.6406,-1.88762,-1.04124,-5.11327e-05,2.55663e-05,2.55663e-05,-0.000119842,-7.19053e-05,0.000119842,-7.91821e-06,1.37489e-05,-2.0774e-06,1.45894e-06,-0.000109414,8.08173e-05,0.630238,0.775884,0.0283385,0.773806,-0.630695,0.0587235,0.0634356,-0.0150813,-0.997872,0.124936,0.343696,-0.62966,
-0.0107151,-0.00611935,-0.0628756,-0.000575,-0.000127,0.000142,0.26246,-1.80805,-2.02856,-1.64055,-1.88766,-1.04123,-3.83495e-05,2.55663e-05,2.55663e-05,-0.000119842,-7.19053e-05,0.000119842,-6.20296e-06,5.81923e-06,-2.07674e-06,1.47631e-06,-0.000109415,9.36018e-05,0.630241,0.775885,0.0282723,0.773813,-0.630695,0.0586291,0.0633206,-0.015073,-0.997879,0.124925,0.343676,-0.629695,
-0.0139948,-0.00724479,-0.0201548,-0.000255,8.3e-05,-0.000435,0.26246,-1.80803,-2.02859,-1.64059,-1.88764,-1.04121,-3.83495e-05,2.55663e-05,2.55663e-05,-0.000119842,-7.19053e-05,0.000119842,-6.20221e-06,5.81903e-06,-2.07711e-06,1.46893e-06,-0.000109414,9.36011e-05,0.630269,0.77586,0.0283059,0.773786,-0.630725,0.0586676,0.0633711,-0.0150737,-0.997876,0.124927,0.343678,-0.629682,
0.00339236,0.00043507,-0.10411,-0.000519,0.000153,0.000309,0.262448,-1.80803,-2.02858,-1.64055,-1.8876,-1.04122,-3.83495e-05,2.55663e-05,2.55663e-05,-0.000119842,-7.19053e-05,0.000119842,-6.20306e-06,5.81865e-06,-2.07648e-06,1.47175e-06,-0.000109409,9.36034e-05,0.630243,0.775884,0.0282502,0.773809,-0.630694,0.0586933,0.0633564,-0.0151307,-0.997876,0.124909,0.343691,-0.629687,
-0.0116321,-0.00837284,-0.0402909,-0.000582,0.000259,-0.000456,0.262436,-1.80804,-2.02859,-1.64055,-1.88764,-1.04124,-3.83495e-05,2.55663e-05,2.55663e-05,-0.000119842,-7.19053e-05,0.000119842,-6.20273e-06,5.81898e-06,-2.07705e-06,1.46935e-06,-0.000109414,9.36018e-05,0.630223,0.775899,0.0282838,0.773824,-0.630677,0.0586769,0.0633652,-0.0150928,-0.997876,0.12492,0.34369,-0.629676,
-0.0274241,0.000639741,-0.021081,-0.000212,0.00019,-0.00023,0.262472,-1.80804,-2.02859,-1.64057,-1.88765,-1.04122,-3.83495e-05,2.55663e-05,2.55663e-05,-0.000119842,-7.19053e-05,0.000119842,-6.20266e-06,5.81893e-06,-2.07719e-06,1.47241e-06,-0.000109415,9.36011e-05,0.630264,0.775865,0.0283002,0.773792,-0.63072,0.0586438,0.0633491,-0.0150626,-0.997878,0.124932,0.343669,-0.629684,
-0.0132725,-0.00720229,-0.083373,-0.00026,7.4e-05,0.000118,0.262448,-1.80805,-2.02854,-1.64059,-1.88764,-1.04124,-3.83495e-05,2.55663e-05,2.55663e-05,-0.000119842,-7.19053e-05,0.000119842,-6.20244e-06,5.81956e-06,-2.07646e-06,1.47072e-06,-0.000109414,9.36018e-05,0.63023,0.775894,0.0282839,0.773819,-0.630683,0.058668,0.0633583,-0.0150877,-0.997877,0.124924,0.343691,-0.629694,
-0.0274991,0.000695127,-0.0210866,-0.000212,0.00019,-0.00023,0.262412,-1.80803,-2.02856,-1.64057,-1.8876,-1.04123,-3.83495e-05,2.55663e-05,2.55663e-05,-0.000119842,-7.19053e-05,0.000119842,-6.20277e-06,5.81908e-06,-2.07614e-06,1.46934e-06,-0.000109409,9.36037e-05,0.630211,0.77591,0.0282382,0.773834,-0.630662,0.0587153,0.0633665,-0.0151514,-0.997875,0.124896,0.343713,-0.629689,
-0.0269962,-6.06458e-05,-0.0843066,-0.000218,0.000182,0.000322,0.262424,-1.80804,-2.0286,-1.6406,-1.88763,-1.04122,-3.83495e-05,2.55663e-05,2.55663e-05,-0.000119842,-7.19053e-05,0.000119842,-6.20178e-06,5.81938e-06,-2.0773e-06,1.45979e-06,-0.000109414,9.36005e-05,0.630248,0.775877,0.0283318,0.773799,-0.630704,0.0587171,0.0634262,-0.0150832,-0.997873,0.12493,0.343701,-0.629663,
-0.0128553,-0.00735594,-0.0200808,-0.000255,8.3e-05,-0.000435,0.262436,-1.80807,-2.02857,-1.64057,-1.88762,-1.04122,-3.83495e-05,2.55663e-05,2.55663e-05,-0.000119842,-7.19053e-05,0.000119842,-6.2028e-06,5.81932e-06,-2.07663e-06,1.46659e-06,-0.000109412,9.36021e-05,0.630244,0.775882,0.0282853,0.773805,-0.630698,0.058703,0.063386,-0.0151099,-0.997875,0.124928,0.343701,-0.629679,
-0.0271997,0.00045537,-0.021064,-0.000212,0.00019,-0.00023,0.26246,-1.80804,-2.02863,-1.64057,-1.88764,-1.04121,-3.83495e-05,2.55663e-05,2.55663e-05,-0.000119842,-7.19053e-05,0.000119842,-6.20244e-06,5.81879e-06,-2.07767e-06,1.4659e-06,-0.000109415,9.36005e-05,0.630275,0.775855,0.028327,0.77378,-0.630731,0.0586758,0.0633907,-0.015063,-0.997875,0.124939,0.343675,-0.629664,
-0.0107677,-0.00754621,-0.0426045,-0.000586,0.000255,0.000169,0.26246,-1.80804,-2.02858,-1.64058,-1.88762,-1.04122,-3.83495e-05,2.55663e-05,2.55663e-05,-0.000119842,-7.19053e-05,0.000119842,-6.20263e-06,5.81898e-06,-2.07673e-06,1.46915e-06,-0.000109411,9.36021e-05,0.630257,0.775871,0.0282867,0.773796,-0.630711,0.0586857,0.0633733,-0.015099,-0.997876,0.124926,0.343685,-0.629685,
-0.023305,-0.00027091,-0.00050549,-0.000866,0.000547,-0.000201,0.262424,-1.80801,-2.02857,-1.64058,-1.88762,-1.04122,-3.83495e-05,2.55663e-05,2.55663e-05,-0.000119842,-7.19053e-05,0.000119842,-6.20247e-06,5.81887e-06,-2.07633e-06,1.47142e-06,-0.00010941,9.36034e-05,0.630227,0.775897,0.0282422,0.773822,-0.630678,0.0586952,0.0633531,-0.0151369,-0.997876,0.124891,0.3437,-0.629692,
-0.023542,0.000876905,-0.0840531,-0.000859,0.000157,0.000325,0.262424,-1.80803,-2.02858,-1.64057,-1.8876,-1.04122,-3.83495e-05,2.55663e-05,2.55663e-05,-0.000119842,-7.19053e-05,0.000119842,-6.2027e-06,5.8189e-06,-2.07652e-06,1.46761e-06,-0.000109409,9.36031e-05,0.630232,0.775892,0.0282598,0.773815,-0.630684,0.0587148,0.0633793,-0.0151361,-0.997875,0.124906,0.343705,-0.62968,
-0.023673,0.000954621,-0.0207993,-0.000854,0.000165,-0.000228,0.262484,-1.80803,-2.02858,-1.64055,-1.8876,-1.0412,-3.83495e-05,2.55663e-05,2.55663e-05,-0.000119842,-7.19053e-05,0.000119842,-6.20327e-06,5.81842e-06,-2.07648e-06,1.47569e-06,-0.000109409,9.36034e-05,0.630281,0.775853,0.0282517,0.773779,-0.630733,0.0586672,0.0633364,-0.0151162,-0.997878,0.124918,0.343672,-0.629696,
-0.0241366,0.0011691,-0.020832,-0.000854,0.000165,-0.000228,0.26246,-1.80805,-2.02858,-1.64059,-1.88764,-1.04124,-3.83495e-05,2.55663e-05,2.55663e-05,-0.000119842,-4.79369e-05,0.000119842,-8.92805e-06,1.09828e-05,-7.30052e-07,-1.52335e-05,-0.000113902,7.70046e-05,0.630244,0.775881,0.0283165,0.773806,-0.6307,0.0586717,0.0633814,-0.0150661,-0.997876,0.124938,0.343682,-0.62968,
-0.00932426,-0.00645826,-0.0830853,-0.000902,5e-05,0.000121,0.26246,-1.80801,-2.02858,-1.64055,-1.88759,-1.04126,-3.83495e-05,2.55663e-05,2.55663e-05,-0.000119842,-4.79369e-05,0.000119842,-8.92866e-06,1.09819e-05,-7.29334e-07,-1.52267e-05,-0.000113894,7.70096e-05,0.630216,0.775907,0.0282249,0.773832,-0.630666,0.0586874,0.0633364,-0.0151444,-0.997877,0.124896,0.343684,-0.629697,
-0.00968458,0.00912597,-0.0214114,-0.000786,6.7e-05,-1.6e-05,0.26246,-1.80802,-2.02858,-1.64057,-1.88763,-1.04122,-3.83495e-05,2.55663e-05,2.55663e-05,-0.000119842,-4.79369e-05,0.000119842,-8.92841e-06,1.09822e-05,-7.29637e-07,-1.52275e-05,-0.000113899,7.70076e-05,0.63025,0.775878,0.0282594,0.773805,-0.630702,0.0586624,0.0633381,-0.0151047,-0.997878,0.124909,0.343678,-0.629693,
-0.023704,0.00122414,-0.0840687,-0.000859,0.000157,0.000325,0.26246,-1.80807,-2.02856,-1.64058,-1.8876,-1.04123,-3.83495e-05,2.55663e-05,2.55663e-05,-0.000119842,-4.79369e-05,0.000119842,-8.92846e-06,1.09828e-05,-7.295e-07,-1.52328e-05,-0.000113897,7.70066e-05,0.630248,0.775879,0.0282824,0.773803,-0.630701,0.0586968,0.0633794,-0.0151086,-0.997875,0.124932,0.343693,-0.629689,
-0.0216975,0.000747611,-0.0409748,-0.001181,0.000342,-0.000249,0.262448,-1.80802,-2.0286,-1.64057,-1.88765,-1.04124,-3.83495e-05,2.55663e-05,2.55663e-05,-0.000119842,-4.79369e-05,0.000119842,-8.92811e-06,1.09822e-05,-7.30163e-07,-1.52302e-05,-0.000113902,7.70059e-05,0.63023,0.775893,0.0282886,0.77382,-0.630684,0.0586571,0.0633528,-0.0150771,-0.997877,0.124916,0.343677,-0.629679,
-0.0239595,0.00159108,-0.0208271,-0.000854,0.000165,-0.000228,0.262484,-1.80804,-2.02857,-1.6406,-1.88758,-1.04124,-3.83495e-05,2.55663e-05,2.55663e-05,-0.000119842,-4.79369e-05,0.000119842,-8.92827e-06,1.09825e-05,-7.29537e-07,-1.52327e-05,-0.000113895,7.70068e-05,0.630254,0.775874,0.0282847,0.773797,-0.630707,0.058706,0.0633878,-0.015113,-0.997875,0.12493,0.343683,-0.629693,
-0.0231673,0.00113446,-0.0840332,-0.000859,0.000157,0.000325,0.262448,-1.80804,-2.02857,-1.64054,-1.88759,-1.04122,-3.83495e-05,2.55663e-05,2.55663e-05,-0.000119842,-4.79369e-05,0.000119842,-8.92886e-06,1.09823e-05,-7.29313e-07,-1.52294e-05,-0.000113894,7.70091e-05,0.63024,0.775887,0.0282349,0.773811,-0.63069,0.0587001,0.0633522,-0.0151466,-0.997876,0.124909,0.343696,-0.629691,
-0.0239662,0.000840344,-0.0208162,-0.000854,0.000165,-0.000228,0.262448,-1.80805,-2.0286,-1.64057,-1.88764,-1.04123,-3.83495e-05,2.55663e-05,2.55663e-05,-0.000119842,-4.79369e-05,0.000119842,-8.92821e-06,1.09826e-05,-7.30359e-07,-1.52349e-05,-0.000113901,7.70046e-05,0.630247,0.775878,0.028316,0.773803,-0.630703,0.0586804,0.0633878,-0.0150722,-0.997875,0.124936,0.343685,-0.629669,
-0.0376195,-0.00668545,-0.0834569,-0.000928,0.000255,0.000113,0.262436,-1.80803,-2.02857,-1.64057,-1.88763,-1.04123,-3.83495e-05,2.55663e-05,2.55663e-05,-0.000119842,-4.79369e-05,0.000119842,-8.92822e-06,1.09826e-05,-7.29503e-07,-1.52302e-05,-0.000113898,7.70076e-05,0.630227,0.775896,0.028258,0.773822,-0.630679,0.0586796,0.063351,-0.0151149,-0.997877,0.124907,0.343694,-0.629689,
-0.0384307,-0.00707842,-0.0202382,-0.000922,0.000263,-0.00044,0.262472,-1.80803,-2.02858,-1.64059,-1.88765,-1.04124,-3.83495e-05,2.55663e-05,2.55663e-05,-0.000119842,-4.79369e-05,0.000119842,-8.92811e-06,1.09825e-05,-7.2994e-07,-1.52288e-05,-0.000113902,7.70053e-05,0.630245,0.77588,0.0283002,0.773807,-0.630701,0.0586438,0.0633495,-0.0150611,-0.997878,0.124927,0.343669,-0.62969,
-0.0408566,-0.00436765,-0.020382,-0.000584,-0.000296,-0.000446,0.262436,-1.80807,-2.02858,-1.6406,-1.88758,-1.04121,-3.83495e-05,2.55663e-05,2.55663e-05,-0.000119842,-4.79369e-05,0.000119842,-8.92773e-06,1.09831e-05,-7.2992e-07,-1.52422e-05,-0.000113896,7.70052e-05,0.630263,0.775865,0.0283148,0.773785,-0.630718,0.0587532,0.0634432,-0.0151204,-0.997871,0.124937,0.343711,-0.629669,
-0.0250852,-0.0148024,-0.06228,-0.000643,-2.9e-05,-7e-05,0.262448,-1.80802,-2.02858,-1.64054,-1.88763,-1.04122,-3.83495e-05,2.55663e-05,2.55663e-05,-0.000119842,-4.79369e-05,0.000119842,-8.92868e-06,1.09821e-05,-7.29526e-07,-1.52262e-05,-0.000113898,7.70086e-05,0.630238,0.775888,0.0282378,0.773815,-0.630689,0.0586629,0.0633251,-0.0151208,-0.997878,0.124901,0.343683,-0.629692,
-0.0284442,-0.0322893,-0.0203419,-0.000438,0.000167,-0.000437,0.262436,-1.80803,-2.02856,-1.64058,-1.88764,-1.04121,-3.83495e-05,2.55663e-05,2.55663e-05,-0.000119842,-4.79369e-05,0.000119842,-8.92805e-06,1.09828e-05,-7.29412e-07,-1.52296e-05,-0.000113899,7.70072e-05,0.630246,0.775881,0.0282627,0.773807,-0.630698,0.0586687,0.0633452,-0.0151058,-0.997877,0.124908,0.343692,-0.629694,
-0.027227,0.00043122,-0.0843287,-0.000218,0.000182,0.000322,0.26246,-1.80803,-2.02859,-1.64057,-1.88763,-1.04117,-3.83495e-05,2.55663e-05,2.55663e-05,-0.000119842,-4.79369e-05,0.000119842,-8.92837e-06,1.09823e-05,-7.2993e-07,-1.52302e-05,-0.000113899,7.70065e-05,0.630292,0.775843,0.0282805,0.773769,-0.630745,0.0586706,0.0633569,-0.015097,-0.997877,0.12492,0.343679,-0.629684,
-0.0239149,0.00137624,-0.020821,-0.000854,0.000165,-0.000228,0.262448,-1.80802,-2.02858,-1.64059,-1.88758,-1.04121,-3.83495e-05,2.55663e-05,2.55663e-05,-0.000119842,-4.79369e-05,0.000119842,-8.92797e-06,1.09824e-05,-7.29532e-07,-1.52341e-05,-0.000113894,7.70078e-05,0.630257,0.775872,0.0282625,0.773795,-0.630709,0.0587241,0.0633878,-0.0151419,-0.997874,0.124908,0.343697,-0.629687,
-0.0252054,-0.000394016,-0.0412275,-0.000539,0.000367,-0.000252,0.262472,-1.80803,-2.02857,-1.64057,-1.88759,-1.04123,-3.83495e-05,2.55663e-05,2.55663e-05,-0.000119842,-4.79369e-05,0.000119842,-8.92869e-06,1.09822e-05,-7.29342e-07,-1.5228e-05,-0.000113895,7.70085e-05,0.630246,0.775881,0.0282465,0.773806,-0.630698,0.0586868,0.063349,-0.0151298,-0.997877,0.124913,0.343683,-0.629698,
-0.0132734,-0.00792823,-0.0833621,-0.00026,7.4e-05,0.000118,0.262472,-1.80807,-2.02858,-1.64053,-1.8876,-1.04123,-3.83495e-05,2.55663e-05,2.55663e-05,-0.000119842,-4.79369e-05,0.000119842,-8.9293e-06,1.09822e-05,-7.29692e-07,-1.52287e-05,-0.000113897,7.70077e-05,0.630249,0.775878,0.0282614,0.773804,-0.630701,0.0586798,0.0633529,-0.0151142,-0.997877,0.124931,0.343682,-0.629685,
-0.0136465,-0.00768973,-0.020126,-0.000255,8.3e-05,-0.000435,0.262436,-1.80801,-2.02859,-1.64058,-1.8876,-1.04122,-2.55663e-05,2.55663e-05,2.55663e-05,-0.000119842,-4.79369e-05,0.000119842,-7.21161e-06,3.05261e-06,-7.29708e-07,-1.52328e-05,-0.000113896,8.97909e-05,0.630239,0.775887,0.0282599,0.773811,-0.630691,0.0587059,0.0633724,-0.0151309,-0.997875,0.1249,0.343695,-0.629683,
-0.0130211,-0.00793999,-0.0833459,-0.00026,7.4e-05,0.000118,0.26246,-1.80805,-2.02858,-1.64058,-1.88762,-1.04121,-2.55663e-05,2.55663e-05,2.55663e-05,-0.000119842,-4.79369e-05,0.000119842,-7.21172e-06,3.05284e-06,-7.29889e-07,-1.52335e-05,-0.000113899,8.97889e-05,0.630269,0.775861,0.0282973,0.773785,-0.630723,0.0586898,0.0633829,-0.0150944,-0.997875,0.124933,0.343686,-0.629681,
-0.0113465,-0.00798021,-0.0402787,-0.000582,0.000259,-0.000456,0.262436,-1.80807,-2.02863,-1.6406,-1.88763,-1.04123,-2.55663e-05,2.55663e-05,2.55663e-05,-0.000119842,-4.79369e-05,0.000119842,-7.21099e-06,3.05319e-06,-7.30974e-07,-1.52448e-05,-0.000113902,8.97849e-05,0.630256,0.775869,0.0283745,0.77379,-0.630715,0.0587247,0.0634588,-0.0150557,-0.997871,0.124955,0.343696,-0.629648,
-0.0220293,-0.00159363,-0.0410598,-0.000878,0.000925,-0.000246,0.262448,-1.80801,-2.02857,-1.64057,-1.8876,-1.04122,-2.55663e-05,2.55663e-05,2.55663e-05,-0.000119842,-4.79369e-05,0.000119842,-7.21195e-06,3.0525e-06,-7.29226e-07,-1.52274e-05,-0.000113895,8.97925e-05,0.630237,0.775889,0.0282283,0.773815,-0.630687,0.0586848,0.0633361,-0.0151419,-0.997877,0.124893,0.343689,-0.629699,
-0.0073595,0.0068588,-0.082188,-0.001125,0.000622,-8.2e-05,0.26246,-1.80804,-2.02858,-1.64058,-1.88758,-1.04126,-2.55663e-05,2.55663e-05,2.55663e-05,-0.000119842,-4.79369e-05,0.000119842,-7.21189e-06,3.05262e-06,-7.29642e-07,-1.52341e-05,-0.000113895,8.97905e-05,0.630229,0.775895,0.0282736,0.773817,-0.630681,0.0587195,0.0633917,-0.0151281,-0.997874,0.124922,0.343693,-0.629684,
-0.0210849,0.0151765,-0.0198761,-0.001078,0.000738,-0.000431,0.262448,-1.80797,-2.0286,-1.64052,-1.88766,-1.0412,-2.55663e-05,2.55663e-05,1.27832e-05,-0.000119842,-4.79369e-05,0.000119842,-5.41853e-06,3.53391e-06,-7.55633e-06,-1.19023e-05,-0.000126245,8.9793e-05,0.630246,0.775883,0.0282077,0.773813,-0.630696,0.058613,0.0632673,-0.0151131,-0.997882,0.124876,0.343666,-0.629698,
-0.0236841,-0.00228175,-0.104418,-0.000883,0.000917,0.000307,0.262436,-1.80804,-2.02858,-1.64053,-1.88763,-1.04121,-2.55663e-05,2.55663e-05,1.27832e-05,-0.000119842,-4.79369e-05,0.000119842,-5.4183e-06,3.53457e-06,-7.55626e-06,-1.19125e-05,-0.000126243,8.97913e-05,0.630243,0.775884,0.0282474,0.77381,-0.630695,0.0586755,0.0633409,-0.0151217,-0.997877,0.12491,0.343692,-0.629684,
-0.0240881,0.0011094,-0.020828,-0.000854,0.000165,-0.000228,0.26246,-1.80805,-2.02858,-1.64057,-1.88759,-1.04122,-2.55663e-05,2.55663e-05,1.27832e-05,-0.000119842,-4.79369e-05,0.000119842,-5.41779e-06,3.5347e-06,-7.5564e-06,-1.19167e-05,-0.000126241,8.97901e-05,0.630257,0.775871,0.0282781,0.773795,-0.63071,0.0587079,0.0633851,-0.0151197,-0.997875,0.124928,0.343691,-0.629682,
-0.0252349,-0.000154187,-0.041233,-0.000539,0.000367,-0.000252,0.262436,-1.80802,-2.02858,-1.64053,-1.8876,-1.04121,-2.55663e-05,2.55663e-05,1.27832e-05,-0.000119842,-4.79369e-05,0.000119842,-5.41857e-06,3.53427e-06,-7.55605e-06,-1.19111e-05,-0.00012624,8.9793e-05,0.630238,0.775889,0.0282177,0.773815,-0.630687,0.0586896,0.0633331,-0.0151531,-0.997877,0.124893,0.343695,-0.62969,
-0.0253349,0.0156824,-0.103717,-0.00043,0.000372,9.2e-05,0.26246,-1.80805,-2.02858,-1.64057,-1.88764,-1.04122,-2.55663e-05,2.55663e-05,1.27832e-05,-0.000119842,-4.79369e-05,0.000119842,-5.41752e-06,3.53489e-06,-7.55659e-06,-1.19142e-05,-0.000126246,8.97888e-05,0.630258,0.77587,0.0282954,0.773796,-0.630712,0.0586636,0.0633615,-0.0150783,-0.997877,0.124932,0.34368,-0.629683,
-0.0254892,0.000292366,-0.0412559,-0.000539,0.000367,-0.000252,0.262436,-1.80801,-2.02857,-1.64057,-1.88759,-1.04123,-2.55663e-05,5.11327e-05,1.27832e-05,-0.000119842,-4.79369e-05,0.000119842,1.19397e-06,5.31065e-06,8.65097e-06,-1.85458e-05,-0.000101548,8.97928e-05,0.630221,0.775902,0.0282235,0.773827,-0.630671,0.0587046,0.0633488,-0.0151568,-0.997876,0.124889,0.343699,-0.629696,
-0.0252122,-0.000623379,-0.104488,-0.000545,0.000358,0.000301,0.262472,-1.80798,-2.02859,-1.64057,-1.88765,-1.04121,-2.55663e-05,5.11327e-05,1.27832e-05,-0.000119842,-4.79369e-05,9.58738e-05,1.19421e-06,5.31069e-06,8.65015e-06,-5.24806e-06,-9.02513e-05,7.33576e-05,0.63026,0.77587,0.028247,0.773799,-0.630713,0.0586232,0.0632997,-0.0150904,-0.99788,0.124896,0.343661,-0.629701,
-0.0261571,0.000161928,-0.0412964,-0.000539,0.000367,-0.000252,0.26246,-1.80798,-2.02857,-1.64057,-1.88763,-1.04123,-2.55663e-05,5.11327e-05,1.27832e-05,-9.58738e-05,-4.79369e-05,9.58738e-05,3.6452e-06,5.96917e-06,1.42298e-05,-1.14666e-05,-6.7101e-05,7.33588e-05,0.63023,0.775896,0.0282163,0.773824,-0.63068,0.0586457,0.0632985,-0.0151258,-0.99788,0.124884,0.343674,-0.629709,
-0.0100944,0.0093262,-0.0214404,-0.000786,6.7e-05,-1.6e-05,0.262448,-1.80804,-2.02856,-1.64052,-1.88763,-1.04122,-2.55663e-05,5.11327e-05,1.27832e-05,-9.58738e-05,-4.79369e-05,9.58738e-05,3.64399e-06,5.96911e-06,1.42303e-05,-1.14675e-05,-6.71009e-05,7.33588e-05,0.630233,0.775893,0.0282163,0.773821,-0.630682,0.0586546,0.0633052,-0.0151317,-0.997879,0.124903,0.343687,-0.629699,
-0.0240594,0.000932667,-0.0840868,-0.000859,0.000157,0.000325,0.262472,-1.80803,-2.02858,-1.64052,-1.88763,-1.04122,-2.55663e-05,5.11327e-05,1.27832e-05,-9.58738e-05,-4.79369e-05,9.58738e-05,3.64384e-06,5.96902e-06,1.42298e-05,-1.1467e-05,-6.71015e-05,7.33584e-05,0.630248,0.77588,0.0282278,0.773809,-0.630699,0.0586413,0.0633019,-0.0151157,-0.99788,0.124909,0.343671,-0.629697,
-0.0261335,-0.000111065,-0.0412907,-0.000539,0.000367,-0.000252,0.262436,-1.80798,-2.02859,-1.64054,-1.88762,-1.04118,-2.55663e-05,5.11327e-05,1.27832e-05,-9.58738e-05,-4.79369e-05,9.58738e-05,3.6449e-06,5.96877e-06,1.42295e-05,-1.14688e-05,-6.70998e-05,7.3359e-05,0.630254,0.775877,0.0282114,0.773803,-0.630703,0.0586744,0.0633171,-0.0151497,-0.997878,0.124878,0.343687,-0.629694,
-0.0279628,0.00158387,-0.104645,-0.000206,-0.0002,0.000295,0.26246,-1.80801,-2.02858,-1.64055,-1.88763,-1.0412,-2.55663e-05,5.11327e-05,1.27832e-05,-9.58738e-05,-4.79369e-05,9.58738e-05,3.64462e-06,5.9691e-06,1.42297e-05,-1.1469e-05,-6.71017e-05,7.33581e-05,0.630263,0.775868,0.0282379,0.773796,-0.630714,0.0586541,0.0633178,-0.0151172,-0.997879,0.124899,0.343676,-0.629697,
-0.0259611,-0.000127206,-0.0412795,-0.000539,0.000367,-0.000252,0.262424,-1.80805,-2.0286,-1.64057,-1.8876,-1.04126,-2.55663e-05,5.11327e-05,1.27832e-05,-9.58738e-05,-4.79369e-05,9.58738e-05,3.64394e-06,5.96895e-06,1.42297e-05,-1.14804e-05,-6.71014e-05,7.33562e-05,0.630215,0.775905,0.028302,0.773827,-0.630669,0.0587311,0.0634189,-0.0151123,-0.997873,0.124927,0.343706,-0.629662,
-0.0272772,0.00205489,-0.041345,-0.000201,-0.000192,-0.000258,0.26246,-1.80805,-2.02858,-1.64057,-1.8876,-1.04122,-2.55663e-05,5.11327e-05,1.27832e-05,-9.58738e-05,-4.79369e-05,9.58738e-05,3.64391e-06,5.96923e-06,1.42301e-05,-1.14757e-05,-6.71012e-05,7.33569e-05,0.630257,0.775871,0.0282824,0.773795,-0.63071,0.0586968,0.0633792,-0.0151093,-0.997875,0.124929,0.343689,-0.629682,
-0.0113245,-0.00642155,-0.0629098,-0.000575,-0.000127,0.000142,0.262484,-1.80802,-2.02858,-1.64058,-1.88763,-1.0412,-2.55663e-05,5.11327e-05,1.27832e-05,-9.58738e-05,-4.79369e-05,9.58738e-05,3.6445e-06,5.96935e-06,1.42297e-05,-1.14708e-05,-6.71029e-05,7.33571e-05,0.630284,0.77585,0.0282709,0.773777,-0.630737,0.0586491,0.0633344,-0.0150902,-0.997878,0.124918,0.343666,-0.629697,
-0.0241582,0.00145025,-0.0208376,-0.000854,0.000165,-0.000228,0.262472,-1.80802,-2.0286,-1.64054,-1.8876,-1.0412,-2.55663e-05,5.11327e-05,1.27832e-05,-9.58738e-05,-4.79369e-05,9.58738e-05,3.64399e-06,5.9689e-06,1.42295e-05,-1.14715e-05,-6.71005e-05,7.33579e-05,0.630274,0.775858,0.0282512,0.773784,-0.630726,0.0586759,0.063343,-0.0151216,-0.997877,0.124912,0.343674,-0.629687,
-0.0236516,0.00104226,-0.0840626,-0.000859,0.000157,0.000325,0.262448,-1.80801,-2.0286,-1.64054,-1.88763,-1.04122,-2.55663e-05,5.11327e-05,1.27832e-05,-9.58738e-05,-4.79369e-05,9.58738e-05,3.6444e-06,5.96885e-06,1.42293e-05,-1.14709e-05,-6.71018e-05,7.33578e-05,0.63024,0.775886,0.0282479,0.773812,-0.630692,0.0586669,0.0633345,-0.0151156,-0.997878,0.1249,0.34368,-0.629685,
