0.02944,0.0171091,-0.0608586,-0.000307,0.001599,0.000155,0.264196,-1.81028,-2.02829,-1.64064,-1.8873,-1.04221,-0.000651942,0.00127832,0.00052411,0.0017497,-0.00627973,0.0303201,0.0010614,-0.000829865,0.00114677,-0.013397,-0.00972065,0.0244548,0.630869,0.775308,0.030027,0.773226,-0.631436,0.0584023,0.06424,-0.0136265,-0.997841,0.126621,0.343152,-0.629594,
-0.0994336,-0.0512865,-0.0871635,0.004963,-0.006018,0.000644,0.264184,-1.81026,-2.02828,-1.64073,-1.88724,-1.04202,-0.00195583,0.00127832,0.00100987,-0.0129669,-0.00563259,0.0304879,-0.000755121,-0.000304822,-0.00198676,-0.0102264,-0.0236574,0.0228161,0.631023,0.775182,0.0300585,0.773093,-0.631591,0.0584877,0.0643232,-0.013669,-0.997835,0.126617,0.343176,-0.629593,
-0.0313424,0.0577386,0.0202727,-0.004626,0.001306,0.000444,0.264136,-1.81023,-2.02826,-1.64075,-1.88726,-1.04178,-0.00195583,0.00176408,0.00100987,0.00172573,-0.00330765,0.0313987,0.000599478,0.000633796,0.00187535,-0.0163111,-0.00987252,0.0218267,0.631175,0.775059,0.0300283,0.77297,-0.63174,0.0584989,0.0643102,-0.013712,-0.997836,0.126587,0.343198,-0.629598,
-0.206727,-0.0659897,-0.028447,0.005104,-0.011599,0.000843,0.264124,-1.81025,-2.02827,-1.64067,-1.88729,-1.04158,-0.00178964,0.00176408,0.00100987,0.00172573,-0.00234891,0.0112891,0.000512574,0.000736995,0.001929,-0.00581018,-0.000549819,0.00756602,0.631316,0.774945,0.029998,0.772859,-0.63188,0.0584579,0.0642568,-0.0137212,-0.997839,0.126581,0.343193,-0.629594,
-0.0254039,-0.0404302,-0.0457348,0.003151,-0.001147,0.000967,0.264124,-1.81027,-2.02826,-1.64077,-1.88727,-1.04154,-0.00134223,0.00176408,0.00100987,-0.0012943,-0.0018216,0.00929976,0.000205599,0.000489659,0.00125492,-0.00428461,-0.00262413,0.00628563,0.631367,0.7749,0.0300853,0.772809,-0.631935,0.058517,0.0643568,-0.0136955,-0.997833,0.126613,0.343207,-0.629583,
0.0676751,0.0246281,-0.060982,-0.000875,0.007103,0.000422,0.264112,-1.81026,-2.02828,-1.64081,-1.88728,-1.04147,-0.00134223,0,0.00100987,0.00325971,-0.00148604,0.00719054,0.000176772,0.000564443,0.0012154,-0.0040751,0.00100265,0.00460924,0.631427,0.77485,0.0301322,0.772757,-0.631997,0.0585311,0.0643963,-0.0136732,-0.997831,0.126619,0.343209,-0.629568,
-0.123216,-0.0170817,-0.169822,0.001929,-0.007349,0.001159,0.2641,-1.81023,-2.02829,-1.64071,-1.88726,-1.04152,-0.00134223,0,0.000869256,0.00606402,-0.00124636,0.0031878,0.00045476,0.000698576,0.00180716,-0.00271371,0.00542078,0.00170413,0.631359,0.774909,0.0300264,0.772818,-0.631923,0.0585249,0.0643258,-0.0137453,-0.997834,0.12658,0.343212,-0.629576,
-0.00365847,0.000306383,-0.0217052,0.000206,0.001436,0.000399,0.264148,-1.81021,-2.02827,-1.64077,-1.88727,-1.04161,-0.00134223,0,0.000728641,0.00606402,-0.00107858,-0.00826912,0.000455428,0.000740087,0.00174151,0.00356805,0.0106677,-0.00625266,0.631314,0.774945,0.0300436,0.772857,-0.63188,0.0584831,0.0643052,-0.0137018,-0.997836,0.126585,0.343186,-0.6296,
-0.049832,-0.062486,-0.00363402,0.004606,-0.001946,0.000373,0.264148,-1.81026,-2.02823,-1.64076,-1.88728,-1.04158,-0.0011377,0,0.000626375,0.00359527,-0.000958738,-0.00647148,0.000232683,0.000574901,0.00111838,0.00315776,0.00731386,-0.00490108,0.631342,0.774922,0.0300484,0.772834,-0.631909,0.0584722,0.0642992,-0.0136936,-0.997837,0.126603,0.343191,-0.629604,
-0.0656087,0.00599676,-0.106815,0.000187,-0.003126,0.001079,0.264124,-1.81025,-2.02822,-1.64076,-1.88727,-1.0416,-0.000907605,0,0.00056246,0.00246875,-0.000838896,-0.00359527,0.000144605,0.000429299,0.000828485,0.00178822,0.00478281,-0.00278594,0.631305,0.774953,0.0300215,0.772865,-0.631869,0.0584924,0.0642986,-0.013724,-0.997836,0.126585,0.343206,-0.629608,
0.0156877,0.0269664,-0.0617383,-0.000568,0.001122,0.000356,0.264112,-1.81027,-2.02823,-1.64083,-1.8873,-1.04159,-0.00076699,0,0.000498544,0.00189351,-0.00076699,-0.00246875,0.000105869,0.000344088,0.000664376,0.00127968,0.00362004,-0.00192404,0.631332,0.774928,0.03013,0.772836,-0.631903,0.0585043,0.0643758,-0.01365,-0.997832,0.12662,0.34321,-0.629585,
0.0119143,-0.015147,-0.0839275,0.002379,0.00073,0.000531,0.264124,-1.81023,-2.02822,-1.64079,-1.88729,-1.04158,-0.000651942,0,0.000447411,0.00153398,-0.000695085,-0.00189351,8.39319e-05,0.000280212,0.000557321,0.00101735,0.00293821,-0.00146542,0.631329,0.774932,0.0300513,0.772844,-0.631896,0.0584783,0.064306,-0.0136942,-0.997836,0.126588,0.343201,-0.629608,
0.0470459,0.0320084,-0.0402706,-0.000509,0.003597,0.000201,0.264112,-1.81023,-2.02826,-1.64079,-1.88732,-1.0416,-0.000575243,0,0.000409062,0.0012943,-0.000647148,-0.00153398,6.98601e-05,0.000237779,0.000483686,0.000857005,0.00249092,-0.00117588,0.631312,0.774945,0.0300912,0.772856,-0.631881,0.0584766,0.0643302,-0.0136608,-0.997835,0.126597,0.343199,-0.629588,
0.016833,0.0484518,-0.0811167,-0.000744,0.000171,0.000116,0.264124,-1.81023,-2.02823,-1.64078,-1.88732,-1.04161,-0.000511327,0,0.000370712,0.00110255,-0.00062318,-0.0012943,6.16995e-05,0.000199456,0.000419873,0.00076727,0.00215102,-0.000964632,0.631302,0.774955,0.03006,0.772868,-0.631869,0.0584557,0.0642945,-0.0136707,-0.997837,0.126591,0.343194,-0.629604,
0.0312055,0.0385503,-0.123112,-0.000803,0.000437,0.000492,0.264089,-1.81022,-2.02827,-1.64081,-1.88736,-1.04158,-0.000460194,0,0.000345146,0.000958738,-0.00062318,-0.00110255,5.7591e-05,0.000164725,0.000372714,0.000705074,0.00189692,-0.000782213,0.631321,0.774936,0.0301184,0.772849,-0.631892,0.0584538,0.0643296,-0.0136261,-0.997836,0.126595,0.343199,-0.62958,
0.0198681,0.00429291,0.00101976,0.000902,0.000501,-0.000203,0.2641,-1.81021,-2.02826,-1.64077,-1.88735,-1.0416,-0.000421845,0,0.000319579,0.000862864,-0.00431432,-0.000958738,0.000477983,-0.000655239,0.000129867,0.00322272,0.00240556,0.00191565,0.631296,0.774959,0.0300614,0.772874,-0.631863,0.0584357,0.06428,-0.0136566,-0.997838,0.126578,0.343193,-0.629595,
0.0145938,0.0388983,-0.102241,-0.000812,-0.001367,0.000288,0.264065,-1.81026,-2.02826,-1.64082,-1.88742,-1.04158,-0.000421845,0,0.000294013,0.00076699,-0.00431432,-0.000862864,0.000471842,-0.000656879,9.38529e-05,0.00320101,0.0022429,0.00198162,0.631317,0.774938,0.0301712,0.772851,-0.631892,0.0584276,0.0643427,-0.0135685,-0.997836,0.126616,0.343204,-0.629568,
0.0252938,0.0522017,-0.0578306,-0.002338,-7.6e-05,-0.000481,0.264089,-1.8102,-2.02826,-1.64079,-1.88745,-1.04158,-0.000421845,0,0.00028123,0.000719053,-0.00306796,-0.00076699,0.000326525,-0.000389433,0.000145683,0.00229739,0.00190484,0.0011821,0.631312,0.774944,0.030106,0.772863,-0.631884,0.0583592,0.0642486,-0.013575,-0.997842,0.126582,0.343176,-0.629594,
0.0725991,0.0237619,-0.0587141,-0.000547,0.001859,-0.000244,0.264053,-1.8102,-2.02825,-1.64082,-1.88742,-1.0416,-0.000421845,0,0.000268447,0.000647148,-0.00222907,-0.000719053,0.000225238,-0.000210375,0.000169144,0.00170979,0.00164266,0.000632834,0.631276,0.774974,0.0301069,0.772889,-0.631847,0.0584118,0.0642906,-0.0136046,-0.997838,0.126573,0.343203,-0.629588,
0.0703969,0.0500831,-0.121301,-0.00232,0.001897,0.000311,0.264053,-1.81017,-2.02823,-1.64079,-1.88748,-1.04163,-0.00130388,0,0.000255663,-0.00062318,-0.00201335,-0.000647148,-4.62589e-05,0.000349131,-0.000121602,0.00185484,0.000329543,-0.000349788,0.631245,0.775,0.0300754,0.772921,-0.631815,0.0583353,0.064212,-0.013578,-0.997844,0.126555,0.343186,-0.629604,
0.014048,0.0756195,-0.0375301,-0.002833,0.000402,-0.000456,0.264053,-1.8102,-2.02826,-1.64083,-1.88751,-1.04163,-0.00130388,0.000396278,0.00024288,-0.00062318,-0.00201335,-0.000599211,5.75107e-05,0.000377198,0.00012304,0.00172804,0.000677076,-0.000316826,0.631264,0.774982,0.0301583,0.772901,-0.631839,0.0583417,0.064269,-0.0135196,-0.997841,0.126587,0.343184,-0.629582,
0.0142476,0.0633312,-0.0812151,-0.00293,-0.00038,0.000323,0.264017,-1.81017,-2.02825,-1.64083,-1.88753,-1.04157,-0.00256942,0.00302961,0.000230097,-0.00062318,-0.0036432,-0.000551274,0.000751586,0.000995623,0.00169586,0.0021506,0.0034904,-0.0004187,0.631283,0.774967,0.0301337,0.772887,-0.631857,0.0583334,0.0642467,-0.013535,-0.997842,0.126562,0.343195,-0.629586,
0.0198732,0.0551977,-0.0378653,-0.001672,-0.000811,-0.000466,0.264005,-1.81013,-2.02826,-1.64081,-1.88749,-1.04163,-0.00319579,0.00302961,0.000217314,-0.00062318,-0.0036432,-0.000527306,0.000668696,0.00138489,0.00168901,0.0021408,0.00346672,-0.00102886,0.631217,0.775024,0.0300671,0.772943,-0.631786,0.058355,0.0642225,-0.0135945,-0.997843,0.126524,0.343201,-0.629594,
-0.00378028,0.0188661,-0.0596904,-0.00064,-0.002216,-0.000301,0.263957,-1.8101,-2.02825,-1.64084,-1.88753,-1.0416,-0.00319579,0.0023521,0.000204531,-0.00062318,-0.00330765,-0.000479369,0.000457946,0.00141046,0.00127106,0.00206117,0.00271454,-0.00122887,0.631209,0.775029,0.030078,0.772948,-0.63178,0.0583565,0.0642307,-0.0135864,-0.997843,0.126506,0.343218,-0.629591,
-0.0136876,-0.001351,-0.104194,0.001153,-0.001781,0.000481,0.263957,-1.81013,-2.02826,-1.64081,-1.88751,-1.0416,-0.00282508,0.00190469,0.000191748,-0.00062318,-0.00234891,-0.000455401,0.000285347,0.00135607,0.0010341,0.00150142,0.00207881,-0.00150697,0.631209,0.77503,0.0300694,0.772948,-0.631778,0.0583787,0.0642425,-0.0136071,-0.997842,0.126514,0.343224,-0.629582,
0.0277986,-0.0448872,-0.0406196,0.003818,-0.000381,-0.000259,0.263969,-1.81008,-2.02825,-1.64084,-1.88748,-1.04159,-0.00278673,0.00190469,0.000191748,-0.00062318,-0.0018216,-0.000431432,0.000230404,0.00144577,0.00106366,0.00112154,0.00196842,-0.00181812,0.631219,0.775022,0.0300402,0.77294,-0.631787,0.0583841,0.064228,-0.0136339,-0.997842,0.12649,0.343219,-0.6296,
0.0201512,-0.0384935,-0.104424,0.002875,0.000252,0.000506,0.263945,-1.81007,-2.02822,-1.64089,-1.88748,-1.04157,-0.00175129,0.00254385,0.000178964,-0.00062318,-0.00148604,-0.000407464,0.000498601,0.000920209,0.00148124,0.000711568,0.0024987,-0.000999079,0.631228,0.775015,0.0300494,0.772932,-0.631795,0.0584054,0.0642502,-0.013641,-0.997841,0.126481,0.343235,-0.629604,
0.0120915,-0.00753258,-0.0408223,0.00179,-0.000811,-5.7e-05,0.263981,-1.81008,-2.02823,-1.6409,-1.88754,-1.04157,-0.00126553,0.00254385,0.000166181,-0.000958738,-0.00124636,9.58738e-05,0.000504576,0.000661537,0.00140966,0.000356245,0.00187949,-0.000335139,0.631256,0.77499,0.0301049,0.77291,-0.631828,0.0583363,0.0642311,-0.0135568,-0.997843,0.126509,0.343203,-0.629603,
0.000247159,-0.0106877,-0.0196979,0.001104,-0.001498,-0.000249,0.263957,-1.81008,-2.02827,-1.64087,-1.88754,-1.04158,-0.000997088,0.00175129,0.000166181,-0.000958738,-0.00107858,9.58738e-05,0.000317797,0.000475864,0.000916131,0.000446434,0.00108286,-0.000183106,0.631234,0.775008,0.0301035,0.772927,-0.631805,0.0583536,0.064244,-0.0135669,-0.997842,0.126505,0.343212,-0.629585,
-0.0143287,0.00227447,-0.0838855,0.001177,-0.002542,0.000498,0.263933,-1.81009,-2.02826,-1.64088,-1.88754,-1.04154,-0.000818123,0.00126553,0.000153398,-0.000958738,-0.000958738,9.58738e-05,0.000205148,0.000357273,0.000607796,0.000493199,0.000579049,-8.72873e-05,0.631251,0.774994,0.030113,0.772912,-0.631823,0.058375,0.0642664,-0.0135746,-0.99784,0.126506,0.343227,-0.62958,
-0.033816,-0.0180071,-0.0210988,0.001676,-0.003566,-7e-05,0.263957,-1.81004,-2.02822,-1.64091,-1.88755,-1.04155,-0.000703075,0.000997088,0.000153398,-0.000958738,-0.000886833,9.58738e-05,0.000143457,0.000282676,0.000441484,0.000513269,0.00030641,-2.21587e-05,0.631244,0.775001,0.0300761,0.772922,-0.631815,0.0583303,0.0642085,-0.0135742,-0.997844,0.126481,0.34321,-0.629612,
-0.0100194,-0.023228,-0.0640901,0.002629,-0.002789,0.000519,0.263933,-1.81005,-2.02822,-1.64095,-1.88754,-1.04155,-0.000600809,0.000818123,0.000153398,-0.000958738,-0.000886833,9.58738e-05,0.000111241,0.000206749,0.000327927,0.000559933,0.000133623,8.01343e-05,0.631242,0.775002,0.030113,0.772919,-0.631814,0.058375,0.0642666,-0.0135738,-0.99784,0.12649,0.343229,-0.6296,
0.0194147,-0.0180958,-0.0200858,0.003019,-0.000486,-0.000238,0.263957,-1.8101,-2.02826,-1.64091,-1.88754,-1.04154,-0.000536893,0.000703075,0.000140615,-0.000958738,-0.000886833,9.58738e-05,9.2063e-05,0.000159558,0.000248096,0.00059325,1.02232e-05,0.000144078,0.631274,0.774973,0.0301567,0.77289,-0.631849,0.058374,0.0642928,-0.0135422,-0.997839,0.126527,0.343218,-0.629578,
0.0342749,0.0116713,-0.0402082,0.000958,0.000781,-3.6e-05,0.263969,-1.81001,-2.02826,-1.64093,-1.88758,-1.04153,-0.000485761,0.000600809,0.000140615,-0.000958738,-0.000886833,9.58738e-05,7.26902e-05,0.000120702,0.000183189,0.000619988,-8.84809e-05,0.000195162,0.631273,0.774977,0.0300963,0.772899,-0.631844,0.0583031,0.0641998,-0.0135437,-0.997845,0.126478,0.343191,-0.629608,
0.0301823,0.0399222,-0.123197,-0.000803,0.000437,0.000492,0.263957,-1.81008,-2.02827,-1.64093,-1.88755,-1.04152,-0.000434628,0.000536893,0.000140615,-0.000958738,-0.000886833,0.00107858,6.31489e-05,8.45195e-05,0.000142639,9.09406e-05,-0.00061476,0.000918762,0.631293,0.774958,0.030161,0.772875,-0.631868,0.0583629,0.0642866,-0.0135334,-0.99784,0.12652,0.343212,-0.629579,
0.0190948,0.0280853,-0.0388798,-0.001217,0.001484,-0.000239,0.263933,-1.81007,-2.02825,-1.64091,-1.88754,-1.04148,-0.000396278,0.000485761,0.000127832,-0.000958738,-0.000886833,0.00107858,5.69898e-05,5.76443e-05,0.000103373,0.000107657,-0.000676436,0.000957118,0.631297,0.774956,0.030113,0.772874,-0.631869,0.058375,0.0642656,-0.0135784,-0.99784,0.126496,0.343227,-0.629589,
-0.00033875,0.0253185,-0.0612018,-0.000601,7.8e-05,0.000134,0.263969,-1.81009,-2.02825,-1.64093,-1.88752,-1.04147,-0.000370712,0.000434628,0.000127832,-0.000886833,-0.000886833,0.00107858,5.4603e-05,4.01983e-05,8.76843e-05,0.000102203,-0.00065637,0.000982688,0.631333,0.774926,0.030138,0.772842,-0.631907,0.0583834,0.0642873,-0.0135675,-0.997839,0.12652,0.343217,-0.629589,
-0.00459682,0.0100835,-0.0193033,-5.7e-05,-0.000285,-0.000239,0.263957,-1.8101,-2.02825,-1.64091,-1.88753,-1.04147,-0.000332363,0.000396278,0.000127832,-0.000790959,-0.000886833,0.00107858,5.96784e-05,1.63622e-05,8.56864e-05,8.71923e-05,-0.00060085,0.00102103,0.631327,0.774931,0.0301418,0.772848,-0.631901,0.0583811,0.0642879,-0.0135625,-0.997839,0.126523,0.343222,-0.629584,
0.0209605,0.00610214,-0.0394936,0.000586,0.000295,-0.000251,0.263969,-1.81009,-2.02822,-1.64093,-1.88755,-1.04144,-0.000319579,0.000370712,0.000115049,-0.000719053,-0.000886833,0.00237288,6.39556e-05,9.11801e-06,7.93915e-05,-0.000640158,-0.00118032,0.00191947,0.631356,0.774907,0.0301298,0.772827,-0.63193,0.058342,0.0642496,-0.0135495,-0.997842,0.126516,0.343211,-0.6296,
0.0213931,0.00454881,-0.0824542,0.000569,0.000669,0.000329,0.263933,-1.81007,-2.02825,-1.64093,-1.88754,-1.04144,-0.000294013,0.000345146,0.000115049,-0.000671117,-0.000862864,0.00237288,6.29794e-05,-2.05904e-06,7.56793e-05,-0.00066271,-0.00116318,0.00192841,0.631336,0.774924,0.0301236,0.772841,-0.631909,0.0583791,0.0642747,-0.0135761,-0.99784,0.126498,0.343228,-0.629587,
0.0116338,0.0160263,-0.0174348,-0.000323,0.000181,-0.000646,0.263957,-1.81007,-2.02826,-1.64094,-1.88759,-1.04145,-0.00028123,0.000319579,0.000115049,-0.000599211,-0.00076699,0.00237288,5.45064e-05,1.08452e-05,8.1579e-05,-0.000741417,-0.00113659,0.00187462,0.631346,0.774914,0.0301633,0.772834,-0.631922,0.0583245,0.0642573,-0.0135118,-0.997842,0.126515,0.343203,-0.629587,
0.0154587,0.0174343,-0.0804273,-0.00097,0.000147,-9.1e-05,0.263933,-1.81008,-2.02823,-1.64095,-1.88752,-1.04145,-0.000255663,0.000294013,0.000115049,-0.000575243,-0.000695085,0.00208526,4.56158e-05,9.32986e-06,7.49836e-05,-0.000631379,-0.00101552,0.00165352,0.631332,0.774927,0.0301365,0.772842,-0.631905,0.0584096,0.0643066,-0.0135851,-0.997838,0.126506,0.343237,-0.629587,
0.015577,0.0167113,-0.0171463,-0.000965,0.000156,-0.000644,0.263957,-1.81005,-2.02822,-1.64094,-1.88757,-1.04146,-0.00024288,0.00028123,0.000102265,-0.000575243,-0.000647148,0.00165382,4.03941e-05,1.13141e-05,6.27306e-05,-0.000418332,-0.000845334,0.00133784,0.631326,0.774932,0.0301122,0.772853,-0.631899,0.0583309,0.0642304,-0.0135535,-0.997843,0.126495,0.34321,-0.629607,
0.0111091,4.46587e-06,-0.0182509,-0.000438,0.000167,-0.000437,0.263945,-1.81003,-2.02821,-1.64096,-1.88753,-1.04141,-0.000230097,0.000255663,0.000102265,-0.000575243,-0.000599211,0.0013662,3.0075e-05,1.19169e-05,4.91995e-05,-0.000285308,-0.000743003,0.00112056,0.631354,0.774911,0.0300877,0.772829,-0.631924,0.0583691,0.064244,-0.0135989,-0.997842,0.126476,0.343224,-0.629614,
0.0092623,0.00157575,-0.0816048,-0.000105,-0.0004,0.000109,0.263909,-1.81004,-2.02823,-1.64095,-1.88755,-1.0414,-0.000217314,0.00024288,0.000102265,-0.000575243,-0.000551274,0.00117445,2.30435e-05,1.34101e-05,4.37721e-05,-0.000208871,-0.000673737,0.000968854,0.631349,0.774914,0.0301164,0.772831,-0.631921,0.0583811,0.0642715,-0.013584,-0.99784,0.126481,0.343236,-0.629592,
0.00511248,0.00265016,-0.0389199,0.000553,-0.000749,-0.000473,0.263921,-1.81007,-2.02823,-1.64096,-1.88757,-1.04142,-0.000204531,0.000230097,0.000102265,-0.000575243,-0.000527306,0.00100667,1.87481e-05,9.74745e-06,3.7004e-05,-0.000129062,-0.000611293,0.000850185,0.631345,0.774916,0.030153,0.772833,-0.631919,0.0583733,0.0642886,-0.0135505,-0.997839,0.126502,0.343231,-0.629587,
0.003737,0.00344728,-0.0819789,0.000875,-0.000934,0.000101,0.263933,-1.81005,-2.02825,-1.64096,-1.88755,-1.04145,-0.000204531,0.000217314,0.000102265,-0.000575243,-0.000479369,0.000910801,9.98686e-06,1.91752e-05,3.15802e-05,-0.000105813,-0.000587309,0.000751322,0.631333,0.774926,0.030149,0.772843,-0.631907,0.0583761,0.0642885,-0.0135543,-0.997839,0.1265,0.343225,-0.629587,
0.00284298,-0.0111651,-0.0398284,0.000777,-0.001322,-0.00027,0.263921,-1.81007,-2.02826,-1.64099,-1.88757,-1.04142,-0.000191748,0.000217314,8.94822e-05,-0.000575243,-0.000455401,0.000814927,1.07891e-05,1.68886e-05,2.60984e-05,-6.59459e-05,-0.00055885,0.000681859,0.631356,0.774905,0.0301957,0.772821,-0.631932,0.0583897,0.0643281,-0.0135288,-0.997837,0.126515,0.343231,-0.629573,
0.000862317,-0.00876003,-0.0399386,0.001115,-0.00188,-0.000276,0.263933,-1.81005,-2.02823,-1.641,-1.88754,-1.04142,-0.000178964,0.000204531,8.94822e-05,-0.000575243,-0.000431432,0.000743022,6.4941e-06,1.32234e-05,1.93339e-05,-3.9326e-05,-0.00054168,0.000628819,0.631357,0.774906,0.0301663,0.772821,-0.631931,0.0583955,0.064314,-0.0135553,-0.997838,0.126504,0.343231,-0.629589,
0.00155728,-0.0107406,-0.0828765,0.001099,-0.001507,0.000304,0.263921,-1.81004,-2.02823,-1.64096,-1.88755,-1.0414,-0.000178964,0.000204531,8.94822e-05,-0.000575243,-0.000407464,0.000671117,3.75648e-06,1.83807e-05,2.06775e-05,-1.60266e-05,-0.00051219,0.000562991,0.631358,0.774906,0.0301274,0.772823,-0.631931,0.0583767,0.0642749,-0.0135735,-0.99784,0.126487,0.343231,-0.629593,
0.000719586,-0.0108681,-0.0196651,0.001104,-0.001498,-0.000249,0.263933,-1.81003,-2.02827,-1.64099,-1.8876,-1.04142,-0.000166181,0.000204531,8.94822e-05,-0.000575243,-0.000383495,0.00062318,2.75483e-06,1.56059e-05,2.20159e-05,-6.08359e-06,-0.000494067,0.000526328,0.631357,0.774904,0.0301881,0.772823,-0.631934,0.0583391,0.0642841,-0.0135028,-0.99784,0.126503,0.34321,-0.629581,
0.00531125,0.00524842,-0.061554,0.000561,-0.001136,0.000124,0.263921,-1.81005,-2.02827,-1.64095,-1.88759,-1.04142,-0.000166181,0.000204531,8.94822e-05,-0.000575243,-0.000359527,0.000575243,1.51708e-08,2.07638e-05,2.3361e-05,3.87176e-06,-0.000475899,0.000476899,0.631348,0.774912,0.0301723,0.77283,-0.631924,0.0583547,0.0642864,-0.013524,-0.99784,0.126505,0.343221,-0.629575,
0.0058148,0.0196588,-0.0404623,0.000664,-0.00074,-5.7e-05,0.263945,-1.81003,-2.02823,-1.641,-1.8876,-1.04144,-0.000153398,0.000204531,8.94822e-05,-0.000575243,-0.000359527,0.000527306,1.74986e-06,1.28311e-05,2.33629e-05,3.05101e-05,-0.00045324,0.000456881,0.631349,0.774912,0.0301675,0.772832,-0.631925,0.0583223,0.0642582,-0.0135073,-0.997842,0.126498,0.343207,-0.6296,
0.00791831,0.0177092,-0.0403514,0.000326,-0.000181,-5.1e-05,0.263933,-1.81005,-2.02827,-1.64097,-1.88759,-1.04142,-0.000153398,0.000204531,8.94822e-05,-0.000575243,-0.000359527,0.000503337,1.74704e-06,1.28298e-05,2.33607e-05,4.37902e-05,-0.000441909,0.00044048,0.63136,0.774902,0.0301939,0.77282,-0.631937,0.0583541,0.0642994,-0.013508,-0.997839,0.126513,0.343215,-0.629575,
0.00877715,0.0176333,-0.103559,0.00032,-0.000189,0.000502,0.263957,-1.81003,-2.02825,-1.64097,-1.88759,-1.0414,-0.000153398,0.000204531,7.6699e-05,-0.000575243,-0.000359527,0.000479369,3.55296e-06,1.33175e-05,1.65386e-05,6.04714e-05,-0.00044291,0.000424083,0.631381,0.774886,0.0301527,0.772807,-0.631956,0.0583204,0.0642469,-0.0135202,-0.997842,0.126498,0.343201,-0.629599,
0.0217082,0.00947004,-0.0393973,0.000283,-0.000288,-0.000255,0.263921,-1.81002,-2.02825,-1.64097,-1.8876,-1.0414,-0.000140615,0.000204531,7.6699e-05,-0.000551274,-0.000359527,0.000431432,7.72292e-06,6.04141e-06,2.21224e-05,8.08287e-05,-0.000397115,0.000404064,0.631359,0.774905,0.030145,0.772825,-0.631933,0.0583314,0.0642509,-0.0135313,-0.997842,0.126483,0.343216,-0.629594,
0.0185662,0.00850037,-0.102893,0.00092,-0.000272,0.000295,0.263957,-1.81003,-2.02823,-1.64097,-1.88762,-1.04139,-0.000140615,0.000204531,7.6699e-05,-0.000503337,-0.000359527,0.000407464,1.25998e-05,7.36076e-06,3.32918e-05,8.16462e-05,-0.000339508,0.000387662,0.631388,0.774881,0.0301507,0.772803,-0.631963,0.0582942,0.0642252,-0.0135057,-0.997844,0.126496,0.343197,-0.629605,
0.00756172,0.0177272,-0.0403746,0.000326,-0.000181,-5.1e-05,0.263909,-1.81005,-2.02826,-1.64097,-1.88758,-1.0414,-0.000127832,0.000204531,7.6699e-05,-0.000479369,-0.000359527,0.000407464,1.67663e-05,8.30378e-08,3.88767e-05,7.53466e-05,-0.000316367,0.000400448,0.631363,0.7749,0.0301779,0.772817,-0.631938,0.0583787,0.0643083,-0.0135361,-0.997838,0.126503,0.343232,-0.629575,
0.0269434,0.0248151,-0.0203273,-0.000259,7.8e-05,0.00019,0.263969,-1.81004,-2.02822,-1.641,-1.88759,-1.04141,-0.000127832,0.000204531,7.6699e-05,-0.000455401,-0.000359527,0.000383495,1.92077e-05,7.44756e-07,4.4463e-05,8.24342e-05,-0.000281894,0.000384046,0.631381,0.774886,0.0301642,0.772807,-0.631957,0.0583159,0.0642506,-0.0135085,-0.997842,0.126507,0.343199,-0.629607,
0.0311648,0.0386764,-0.102862,-0.000815,0.000819,0.000519,0.263933,-1.81005,-2.02828,-1.64097,-1.88764,-1.04144,-0.000127832,0.000204531,7.6699e-05,-0.000431432,-0.000359527,0.000359527,2.16443e-05,1.40249e-06,5.0041e-05,8.94649e-05,-0.000247449,0.000367643,0.631354,0.774906,0.0302221,0.772826,-0.631933,0.0583139,0.0642862,-0.0134602,-0.997841,0.126521,0.343203,-0.62957,
0.0323523,0.0342256,-0.0396058,-0.000845,0.00197,-2.4e-05,0.263933,-1.81005,-2.02828,-1.641,-1.88762,-1.04142,-0.000127832,0.000204531,7.6699e-05,-0.000407464,-0.000359527,0.000335558,2.40829e-05,2.0613e-06,5.56271e-05,9.65059e-05,-0.000212974,0.000351246,0.631368,0.774894,0.0302351,0.772812,-0.631948,0.0583444,0.0643177,-0.0134708,-0.997839,0.126525,0.34321,-0.629567,
0.04461,0.0280727,-0.101992,-0.000554,0.001295,0.000319,0.263933,-1.81009,-2.02825,-1.64097,-1.8876,-1.04141,-0.000115049,0.000204531,7.6699e-05,-0.000383495,-0.000359527,0.000335558,2.82488e-05,-5.21424e-06,6.12153e-05,9.02625e-05,-0.000189829,0.00036403,0.631372,0.774892,0.0302092,0.77281,-0.63195,0.0583472,0.0643035,-0.0134928,-0.997839,0.12653,0.343219,-0.629576,
0.0396126,0.0142718,-0.019508,2e-06,0.000555,-1e-05,0.263921,-1.80999,-2.02823,-1.64099,-1.88762,-1.0414,-0.000115049,0.000204531,7.6699e-05,-0.000359527,-0.000359527,0.00031159,3.06951e-05,-4.55591e-06,6.67977e-05,9.73613e-05,-0.000155352,0.000347624,0.631354,0.774909,0.0301286,0.772831,-0.631928,0.0583123,0.0642258,-0.0135314,-0.997844,0.126469,0.343212,-0.629605,
0.0202897,0.00643762,-0.0395413,0.000586,0.000295,-0.000251,0.263933,-1.81003,-2.02825,-1.64099,-1.88762,-1.04141,-0.000115049,0.000204531,6.39159e-05,-0.000359527,-0.000359527,0.00031159,3.24977e-05,-4.06751e-06,5.99737e-05,0.000100677,-0.000167697,0.000347627,0.631362,0.774901,0.0301713,0.772822,-0.631938,0.0583199,0.0642585,-0.0135039,-0.997842,0.126497,0.343209,-0.629592,
0.00592788,0.0198071,-0.103721,0.000659,-0.000748,0.000496,0.263933,-1.81003,-2.02823,-1.64097,-1.88762,-1.0414,-0.000115049,0.000204531,6.39159e-05,-0.000335558,-0.000359527,0.000287621,3.49362e-05,-3.40848e-06,6.55588e-05,0.000107743,-0.000133224,0.000331225,0.631366,0.774899,0.0301498,0.77282,-0.631941,0.0583116,0.0642384,-0.0135156,-0.997843,0.126491,0.343209,-0.629599,
0.0192089,0.0116498,-0.0395369,0.000622,-0.000847,-0.000261,0.263909,-1.81003,-2.02825,-1.64096,-1.88757,-1.04139,-0.000102265,0.000204531,6.39159e-05,-0.00031159,-0.000359527,0.000287621,3.91025e-05,-1.06874e-05,7.11453e-05,0.000101481,-0.000110076,0.000344011,0.631361,0.774903,0.0301314,0.772821,-0.631934,0.0583736,0.0642749,-0.0135686,-0.99784,0.126481,0.343232,-0.629589,
0.00521213,0.00453681,-0.0615507,0.000561,-0.001136,0.000124,0.263921,-1.81008,-2.02825,-1.64099,-1.88762,-1.04139,-0.000102265,0.000204531,6.39159e-05,-0.00031159,-0.000359527,0.000287621,3.91011e-05,-1.06846e-05,7.11443e-05,0.000101457,-0.000110095,0.000344013,0.631384,0.774881,0.0302135,0.7728,-0.631963,0.058345,0.0643042,-0.0134891,-0.997839,0.126523,0.343222,-0.629576,
0.0199194,0.0119354,-0.039495,0.000622,-0.000847,-0.000261,0.263945,-1.81004,-2.02827,-1.64099,-1.88765,-1.04141,-0.000102265,0.000204531,6.39159e-05,-0.000287621,-0.000359527,0.000287621,4.15423e-05,-1.00245e-05,7.67243e-05,9.52168e-05,-8.6962e-05,0.00034401,0.631377,0.774888,0.0302164,0.772809,-0.631956,0.05829,0.0642636,-0.0134515,-0.997842,0.126517,0.343194,-0.629581,
0.017505,0.0128463,-0.0193577,0.000949,-0.001023,-0.00024,0.263957,-1.81005,-2.02822,-1.64101,-1.88762,-1.0414,-0.000102265,0.000204531,6.39159e-05,-0.000287621,-0.000359527,0.000287621,4.15433e-05,-1.00233e-05,7.67297e-05,9.52183e-05,-8.69507e-05,0.000344011,0.631389,0.774878,0.0301934,0.772799,-0.631967,0.0583106,0.0642648,-0.0134832,-0.997842,0.126516,0.343202,-0.6296,
0.0163088,0.0111491,-0.103024,0.001258,-0.00083,0.000289,0.263945,-1.81007,-2.02825,-1.641,-1.88762,-1.0414,-0.000102265,0.000204531,6.39159e-05,-0.000263653,-0.000359527,0.000287621,4.3979e-05,-9.36569e-06,8.23133e-05,8.89538e-05,-6.38162e-05,0.000344013,0.631388,0.774878,0.030214,0.772798,-0.631967,0.0583274,0.0642909,-0.0134779,-0.99784,0.126524,0.343208,-0.629584,
0.00291454,0.005926,-0.0390559,0.000892,-0.001308,-0.000479,0.263957,-1.81005,-2.02823,-1.64101,-1.88757,-1.04142,-8.94822e-05,0.000204531,6.39159e-05,-0.000263653,-0.000359527,0.000287621,4.57101e-05,-1.73012e-05,8.23167e-05,8.89534e-05,-6.38018e-05,0.000356798,0.631373,0.774892,0.0301866,0.772809,-0.631949,0.0583595,0.0642987,-0.0135181,-0.997839,0.126515,0.343213,-0.629594,
0.00143768,0.00592657,-0.0821096,0.001214,-0.001493,9.5e-05,0.263957,-1.81003,-2.02826,-1.64101,-1.88759,-1.04142,-8.94822e-05,0.000191748,6.39159e-05,-0.000263653,-0.000359527,0.000287621,4.24219e-05,-1.81902e-05,7.42016e-05,9.22918e-05,-7.61483e-05,0.000356797,0.631373,0.774891,0.0301954,0.77281,-0.63195,0.0583368,0.0642867,-0.013497,-0.99784,0.126509,0.343202,-0.62959,
0.00089296,0.00622328,-0.018885,0.001219,-0.001484,-0.000458,0.263933,-1.81005,-2.02823,-1.64099,-1.88762,-1.0414,-8.94822e-05,0.000191748,6.39159e-05,-0.000239685,-0.000359527,0.000287621,4.48595e-05,-1.75311e-05,7.97861e-05,8.60505e-05,-5.30152e-05,0.000356793,0.631374,0.774891,0.0301819,0.772811,-0.63195,0.0583239,0.0642681,-0.0134993,-0.997841,0.126508,0.343213,-0.629591,
-0.0132183,0.0142977,-0.0198576,0.001261,-0.001377,-0.000254,0.263909,-1.81002,-2.02825,-1.64101,-1.8876,-1.0414,-8.94822e-05,0.000178964,6.39159e-05,-0.000239685,-0.000359527,0.000287621,4.15715e-05,-1.84216e-05,7.16741e-05,8.93822e-05,-6.53548e-05,0.000356794,0.63136,0.774902,0.0301766,0.77282,-0.631937,0.0583522,0.0642869,-0.0135202,-0.99784,0.126488,0.343224,-0.629588,
0.00425937,0.0201353,-0.0835285,0.000986,-0.000925,0.000517,0.263921,-1.81005,-2.02825,-1.64099,-1.88763,-1.04136,-8.94822e-05,0.000166181,6.39159e-05,-0.000239685,-0.000359527,0.000287621,3.82798e-05,-1.93095e-05,6.35617e-05,9.27157e-05,-7.77016e-05,0.000356793,0.631397,0.774871,0.0301962,0.772791,-0.631975,0.0583256,0.0642781,-0.0134913,-0.997841,0.12651,0.343216,-0.629583,
0.0057251,0.0200125,-0.0404729,0.000664,-0.00074,-5.7e-05,0.263921,-1.81004,-2.02822,-1.641,-1.88759,-1.04136,-8.94822e-05,0.000166181,5.11327e-05,-0.000215716,-0.000335558,0.000287621,3.97889e-05,-1.30042e-05,6.36691e-05,7.31417e-05,-7.13944e-05,0.000340163,0.631392,0.774877,0.0301622,0.772796,-0.631967,0.0583508,0.0642762,-0.013533,-0.99784,0.126495,0.343225,-0.629596,
0.0230258,0.0418909,-0.103372,0.000504,-0.000273,0.000505,0.263945,-1.81003,-2.02821,-1.64102,-1.88765,-1.04141,-7.6699e-05,0.000153398,5.11327e-05,-0.000215716,-0.000335558,0.000287621,3.82332e-05,-2.1825e-05,5.55546e-05,7.64865e-05,-8.37478e-05,0.000352942,0.631369,0.774895,0.0301843,0.772818,-0.631946,0.0582777,0.0642339,-0.0134678,-0.997844,0.126501,0.343199,-0.629609,
0.0245632,0.0405335,-0.040042,0.000171,0.000294,-4.2e-05,0.263957,-1.81001,-2.02826,-1.64102,-1.88765,-1.04144,-7.6699e-05,0.000153398,5.11327e-05,-0.000215716,-0.00031159,0.000287621,3.54969e-05,-1.66671e-05,5.68966e-05,5.98161e-05,-8.82526e-05,0.000336312,0.631362,0.7749,0.0302067,0.772822,-0.631941,0.0582774,0.064248,-0.0134497,-0.997843,0.126503,0.343186,-0.629596,
0.0247155,0.0407285,-0.0400348,0.000171,0.000294,-4.2e-05,0.263909,-1.81003,-2.02822,-1.64101,-1.88759,-1.04142,-7.6699e-05,0.000153398,5.11327e-05,-0.000215716,-0.000287621,0.000287621,3.27585e-05,-1.15108e-05,5.82457e-05,4.3152e-05,-9.27402e-05,0.000319683,0.631339,0.77492,0.0301617,0.772838,-0.631914,0.0583592,0.0642833,-0.0135343,-0.99784,0.126488,0.34323,-0.629595,
0.0255109,0.0397464,-0.103234,0.000165,0.000285,0.000511,0.263921,-1.81001,-2.02822,-1.64102,-1.88759,-1.04139,-7.6699e-05,0.000140615,5.11327e-05,-0.000191748,-0.000287621,0.000287621,3.19088e-05,-1.17404e-05,5.57182e-05,4.02396e-05,-8.19406e-05,0.000319683,0.631371,0.774895,0.0301521,0.772813,-0.631945,0.0583469,0.0642671,-0.0135366,-0.997841,0.126479,0.343222,-0.629603,
0.024922,0.0397899,-0.0400088,0.000171,0.000294,-4.2e-05,0.263945,-1.81002,-2.02821,-1.64106,-1.88764,-1.0414,-7.6699e-05,0.000140615,5.11327e-05,-0.000191748,-0.000287621,0.000287621,3.19104e-05,-1.17377e-05,5.57171e-05,4.02345e-05,-8.1955e-05,0.00031968,0.631383,0.774883,0.0302011,0.772804,-0.631961,0.0582969,0.0642592,-0.0134681,-0.997842,0.126501,0.343202,-0.629609,
0.0124211,0.0334852,-0.0822414,-0.000218,0.000182,0.000322,0.263945,-1.81007,-2.02825,-1.64103,-1.88763,-1.04138,-7.6699e-05,0.000127832,5.11327e-05,-0.000191748,-0.000263653,0.000287621,2.58802e-05,-7.4691e-06,4.89498e-05,2.68847e-05,-9.88012e-05,0.000303049,0.631414,0.774856,0.03025,0.772774,-0.631995,0.0583285,0.064314,-0.013453,-0.997839,0.126534,0.343207,-0.62958,
0.0270511,0.0419786,-0.0195534,-0.000144,9.2e-05,-1.9e-05,0.263921,-1.81005,-2.02825,-1.64101,-1.88763,-1.04141,-7.6699e-05,0.000127832,5.11327e-05,-0.000191748,-0.000263653,0.000287621,2.58803e-05,-7.4701e-06,4.89493e-05,2.68954e-05,-9.87983e-05,0.000303049,0.631366,0.774896,0.0302173,0.772815,-0.631945,0.0583337,0.0642983,-0.0134775,-0.99784,0.126515,0.343217,-0.62958,
0.0252121,0.0241623,-0.0407778,5.5e-05,0.00028,0.000167,0.263921,-1.81003,-2.02823,-1.64099,-1.88762,-1.0414,-7.6699e-05,0.000127832,5.11327e-05,-0.000167779,-0.000239685,0.000287621,2.5584e-05,-1.65281e-06,5.58782e-05,4.00124e-06,-8.01533e-05,0.000286419,0.631362,0.774902,0.0301602,0.772822,-0.631937,0.0583245,0.0642551,-0.0135154,-0.997842,0.12649,0.343216,-0.629595,
0.0414803,0.0134551,-0.102945,-0.000331,0.000723,0.000522,0.263945,-1.81002,-2.02826,-1.64102,-1.88762,-1.04139,-7.6699e-05,0.000127832,5.11327e-05,-0.000167779,-0.000239685,0.000287621,2.55841e-05,-1.6524e-06,5.58777e-05,3.98644e-06,-8.01578e-05,0.000286418,0.631394,0.774873,0.0302035,0.772793,-0.631973,0.0583233,0.064281,-0.013484,-0.997841,0.126504,0.343202,-0.62959,
0.0244843,0.00773088,-0.0392449,-5.5e-05,0.00027,-0.000249,0.263957,-1.81005,-2.02823,-1.64105,-1.88765,-1.04141,-7.6699e-05,0.000115049,5.11327e-05,-0.000167779,-0.000239685,0.000287621,2.22943e-05,-2.53945e-06,4.77663e-05,7.31472e-06,-9.25104e-05,0.000286415,0.631391,0.774875,0.0302485,0.772796,-0.631972,0.0582935,0.0642864,-0.01343,-0.997841,0.126531,0.343195,-0.629591,
0.0246049,0.0100346,-0.061879,-4.8e-05,-0.000116,0.000348,0.263933,-1.81002,-2.02821,-1.64102,-1.88762,-1.04138,-7.6699e-05,0.000115049,5.11327e-05,-0.000167779,-0.000215716,0.000287621,1.95601e-05,2.61806e-06,4.91118e-05,-9.3246e-06,-9.69964e-05,0.000269788,0.631387,0.774881,0.0301603,0.772802,-0.631962,0.0583156,0.0642479,-0.0135118,-0.997842,0.126487,0.343212,-0.629609,
-0.00699709,0.0111891,0.000832119,0.00027,-0.000461,-0.000218,0.263933,-1.80999,-2.02821,-1.64101,-1.88763,-1.04138,-7.6699e-05,0.000115049,5.11327e-05,-0.000167779,-0.000215716,0.000287621,1.95614e-05,2.61797e-06,4.91108e-05,-9.31107e-06,-9.69961e-05,0.000269788,0.631379,0.774889,0.0301329,0.772811,-0.631953,0.0582923,0.0642127,-0.0135175,-0.997845,0.126471,0.343205,-0.629617,
-0.0222623,0.00449121,-0.0189125,0.000213,-0.000745,-0.000457,0.263921,-1.81003,-2.02821,-1.64097,-1.88766,-1.04139,-7.6699e-05,0.000115049,5.11327e-05,-0.000167779,-0.000215716,0.000287621,1.95596e-05,2.61818e-06,4.91097e-05,-9.30738e-06,-9.70048e-05,0.000269786,0.631364,0.774901,0.0301449,0.772825,-0.631939,0.0582676,0.0642013,-0.0134913,-0.997846,0.126485,0.343206,-0.629608,
-0.0115958,-0.00245378,-0.104094,0.000814,-0.001223,0.000487,0.263909,-1.81005,-2.02823,-1.641,-1.88762,-1.04139,-7.6699e-05,0.000102265,5.11327e-05,-0.000167779,-0.000215716,0.000287621,1.62675e-05,1.72818e-06,4.09998e-05,-6.00444e-06,-0.00010934,0.000269787,0.631372,0.774892,0.0301914,0.77281,-0.63195,0.0583451,0.0642906,-0.0135053,-0.99784,0.126505,0.343226,-0.629584,
-0.0135624,-0.0183935,-0.0190801,0.001036,-0.0014,-0.000461,0.263909,-1.81001,-2.02823,-1.64099,-1.88764,-1.0414,-7.6699e-05,0.000102265,5.11327e-05,-0.000167779,-0.000191748,0.000287621,1.3534e-05,6.88682e-06,4.23426e-05,-2.26438e-05,-0.000113843,0.000253156,0.631351,0.774911,0.0301477,0.772833,-0.631926,0.0583028,0.0642305,-0.0135104,-0.997844,0.126475,0.343214,-0.629599,
-0.0133183,-0.00387692,-0.0612701,0.001134,-0.001013,-9e-05,0.263897,-1.81003,-2.02823,-1.64102,-1.88763,-1.04139,-7.6699e-05,0.000102265,5.11327e-05,-0.000167779,-0.000191748,0.000287621,1.35333e-05,6.8871e-06,4.23435e-05,-2.26656e-05,-0.000113845,0.000253154,0.631366,0.774897,0.0301952,0.772815,-0.631944,0.0583428,0.0642913,-0.0135003,-0.99784,0.126494,0.343228,-0.629586,
-0.0280071,-0.0266009,-0.0184964,0.000967,-0.001302,-0.000673,0.263933,-1.81001,-2.02822,-1.64102,-1.88764,-1.0414,-7.6699e-05,0.000102265,5.11327e-05,-0.000167779,-0.000191748,0.000287621,1.35346e-05,6.88778e-06,4.23432e-05,-2.26488e-05,-0.000113846,0.000253155,0.631369,0.774896,0.0301698,0.772818,-0.631945,0.0582937,0.0642372,-0.0134891,-0.997843,0.126486,0.343204,-0.629607,
-0.0404813,-0.00261847,-0.0388836,0.000798,-0.001005,-0.000699,0.263921,-1.81002,-2.02823,-1.641,-1.88762,-1.04139,-7.6699e-05,0.000102265,3.83495e-05,-0.000167779,-0.000191748,0.000263653,1.53387e-05,7.37476e-06,3.55193e-05,-6.01008e-06,-0.000114849,0.000236756,0.631371,0.774894,0.0301602,0.772814,-0.631946,0.0583245,0.064255,-0.0135161,-0.997842,0.126486,0.343215,-0.629597,
-0.0213914,0.00443788,-0.0821193,0.000208,-0.000754,9.6e-05,0.263945,-1.81002,-2.02823,-1.64102,-1.88765,-1.0414,-7.6699e-05,8.94822e-05,3.83495e-05,-0.000167779,-0.000191748,0.000263653,1.20495e-05,6.48686e-06,2.74069e-05,-2.67523e-06,-0.000127199,0.000236753,0.631381,0.774885,0.0301952,0.772807,-0.631959,0.0582819,0.0642439,-0.0134629,-0.997843,0.1265,0.343196,-0.629601,
-0.0219248,0.00508034,-0.0188988,0.000213,-0.000745,-0.000457,0.263909,-1.81005,-2.02825,-1.64099,-1.88764,-1.0414,-7.6699e-05,8.94822e-05,3.83495e-05,-0.000167779,-0.000167779,0.000263653,9.31176e-06,1.16448e-05,2.87514e-05,-1.93462e-05,-0.0001317,0.000220122,0.631364,0.774899,0.0302,0.772818,-0.631942,0.0583229,0.064279,-0.0134838,-0.997841,0.126508,0.343219,-0.62958,
-0.00721986,-0.00331302,-0.0811473,0.000165,-0.000861,-0.000108,0.263933,-1.80999,-2.02825,-1.641,-1.88763,-1.0414,-7.6699e-05,8.94822e-05,3.83495e-05,-0.000167779,-0.000167779,0.000239685,9.31354e-06,1.16443e-05,2.87512e-05,-6.02296e-06,-0.000120362,0.000203724,0.631366,0.774899,0.0301545,0.77282,-0.631941,0.0583006,0.0642329,-0.013505,-0.997844,0.126479,0.343202,-0.629601,
0.0082955,0.00428374,-0.0386943,-8.8e-05,-0.000774,-0.000471,0.263933,-1.81003,-2.02823,-1.64099,-1.88763,-1.04138,-7.6699e-05,8.94822e-05,3.83495e-05,-0.000167779,-0.000167779,0.000239685,9.31236e-06,1.16448e-05,2.87518e-05,-6.02619e-06,-0.000120363,0.000203724,0.631387,0.774881,0.030165,0.772802,-0.631963,0.0583047,0.0642424,-0.0135012,-0.997843,0.126494,0.343207,-0.629598,
-0.00551345,0.012425,-0.0396482,-4.6e-05,-0.000667,-0.000267,0.263933,-1.81003,-2.02823,-1.64101,-1.88762,-1.04141,-7.6699e-05,8.94822e-05,3.83495e-05,-0.000167779,-0.000167779,0.000239685,9.31263e-06,1.1645e-05,2.87523e-05,-6.03395e-06,-0.000120362,0.000203724,0.631364,0.774899,0.0301819,0.772819,-0.631941,0.0583239,0.0642683,-0.0134985,-0.997841,0.126499,0.343211,-0.629596,
-0.0024116,0.0102549,-0.102734,-0.00039,-0.000116,0.000292,0.263933,-1.81003,-2.02826,-1.64099,-1.88763,-1.0414,-7.6699e-05,8.94822e-05,3.83495e-05,-0.000167779,-0.000167779,0.000215716,9.31197e-06,1.16444e-05,2.87512e-05,7.27578e-06,-0.000109033,0.000187323,0.631374,0.774891,0.0301862,0.772812,-0.631951,0.0583128,0.0642622,-0.013489,-0.997842,0.126501,0.343205,-0.629587,
0.0116071,0.0349543,-0.0393042,-0.000201,-0.000192,-0.000258,0.263933,-1.81001,-2.02823,-1.64101,-1.88763,-1.04144,-7.6699e-05,8.94822e-05,3.83495e-05,-0.000167779,-0.000167779,0.000215716,9.31351e-06,1.16448e-05,2.87517e-05,7.28173e-06,-0.000109031,0.000187323,0.631341,0.774919,0.0301655,0.77284,-0.631917,0.0583049,0.0642436,-0.0134971,-0.997843,0.126486,0.343205,-0.629602,
0.0285725,0.022942,-0.081154,-0.000599,0.000633,0.000124,0.263921,-1.81003,-2.02826,-1.641,-1.88764,-1.0414,-7.6699e-05,7.6699e-05,3.83495e-05,-0.000167779,-0.000143811,0.000215716,3.28679e-06,1.59144e-05,2.19837e-05,-6.05399e-06,-0.000125879,0.00017069,0.63137,0.774894,0.0302005,0.772814,-0.631948,0.0583145,0.0642727,-0.0134786,-0.997841,0.126502,0.34321,-0.629583,
0.0165367,0.0308059,-0.0390315,-0.000878,0.000925,-0.000246,0.263909,-1.80998,-2.02825,-1.64099,-1.88764,-1.04139,-7.6699e-05,7.6699e-05,3.83495e-05,-0.000167779,-0.000143811,0.000215716,3.28816e-06,1.59137e-05,2.19838e-05,-6.03837e-06,-0.000125874,0.000170693,0.631357,0.774906,0.0301367,0.772828,-0.631932,0.0582985,0.0642202,-0.0135167,-0.997844,0.126464,0.34321,-0.629601,
0.0159702,0.0303947,-0.0390624,-0.000878,0.000925,-0.000246,0.263957,-1.81004,-2.02821,-1.64101,-1.88765,-1.04144,-7.6699e-05,7.6699e-05,3.83495e-05,-0.000167779,-0.000143811,0.000191748,3.28671e-06,1.59157e-05,2.19848e-05,7.26521e-06,-0.000114547,0.00015429,0.631356,0.774905,0.0301848,0.772829,-0.631934,0.058269,0.0642277,-0.0134608,-0.997844,0.126508,0.343193,-0.62961,
0.014057,0.0330601,-0.102434,-0.000545,0.000358,0.000301,0.263921,-1.81001,-2.02825,-1.641,-1.8876,-1.0414,-7.6699e-05,7.6699e-05,3.83495e-05,-0.000167779,-0.000143811,0.000191748,3.28731e-06,1.59139e-05,2.19847e-05,7.25936e-06,-0.000114539,0.000154293,0.631362,0.774902,0.0301564,0.772821,-0.631937,0.0583358,0.0642614,-0.0135255,-0.997841,0.126481,0.343216,-0.629595,
0.0262951,0.0230448,-0.0586405,-0.000267,0.000461,-0.000479,0.263933,-1.81001,-2.02825,-1.64099,-1.88764,-1.04142,-7.6699e-05,7.6699e-05,3.83495e-05,-0.000167779,-0.000143811,0.000191748,3.28714e-06,1.59141e-05,2.19839e-05,7.26653e-06,-0.000114544,0.000154291,0.631348,0.774913,0.0301592,0.772836,-0.631924,0.0582897,0.0642278,-0.013493,-0.997844,0.126485,0.3432,-0.629599,
0.0223486,0.00807022,-0.0823466,0.000266,8.5e-05,0.000325,0.263945,-1.80999,-2.02822,-1.64101,-1.88766,-1.04141,-7.6699e-05,7.6699e-05,3.83495e-05,-0.000167779,-0.000143811,0.000191748,3.2881e-06,1.59149e-05,2.1984e-05,7.27275e-06,-0.000114547,0.000154291,0.631361,0.774902,0.0301573,0.772827,-0.631937,0.0582545,0.0641991,-0.0134733,-0.997846,0.126481,0.34319,-0.629615,
0.0211922,0.00997685,-0.0394374,0.000283,-0.000288,-0.000255,0.263933,-1.81003,-2.02825,-1.64102,-1.8876,-1.04141,-7.6699e-05,7.6699e-05,3.83495e-05,-0.000167779,-0.000143811,0.000167779,3.28692e-06,1.59146e-05,2.19849e-05,2.05593e-05,-0.00010321,0.000137892,0.631369,0.774894,0.0301987,0.772813,-0.631947,0.0583432,0.0642937,-0.0134982,-0.99784,0.126504,0.343214,-0.629589,
0.02059,0.00842299,-0.059803,0.000598,-8.7e-05,-0.000279,0.263921,-1.81003,-2.02825,-1.641,-1.88765,-1.04138,-7.6699e-05,7.6699e-05,3.83495e-05,-0.000167779,-0.000143811,0.000167779,3.28699e-06,1.59147e-05,2.19838e-05,2.05666e-05,-0.000103216,0.00013789,0.631386,0.774881,0.0301943,0.772802,-0.631964,0.0582993,0.0642567,-0.0134752,-0.997842,0.1265,0.343208,-0.629589,
0.0186291,0.00910616,-0.102897,0.00092,-0.000272,0.000295,0.263933,-1.80998,-2.02822,-1.641,-1.88764,-1.04139,-7.6699e-05,6.39159e-05,3.83495e-05,-0.000167779,-0.000119842,0.000167779,-2.73792e-06,2.01839e-05,1.52175e-05,7.25403e-06,-0.000120053,0.000121261,0.631368,0.774898,0.0301271,0.772822,-0.631942,0.0582773,0.0641976,-0.0135115,-0.997846,0.126466,0.3432,-0.629616,
0.0052886,0.0181676,-0.0202219,0.000653,-0.000358,-3e-05,0.263933,-1.80999,-2.02823,-1.64102,-1.88766,-1.04136,-7.6699e-05,6.39159e-05,3.83495e-05,-0.000167779,-0.000119842,0.000167779,-2.73768e-06,2.01844e-05,1.52168e-05,7.24675e-06,-0.000120059,0.000121259,0.631397,0.774873,0.0301779,0.772796,-0.631974,0.0582714,0.0642246,-0.013471,-0.997845,0.126484,0.343196,-0.629605,
0.0174971,0.0125677,-0.082619,0.000944,-0.001032,0.000313,0.263897,-1.81002,-2.02822,-1.641,-1.88763,-1.04141,-7.6699e-05,6.39159e-05,3.83495e-05,-0.000167779,-0.000119842,0.000167779,-2.73796e-06,2.01845e-05,1.52177e-05,7.24201e-06,-0.000120054,0.00012126,0.631337,0.774922,0.030153,0.772842,-0.631912,0.0583265,0.0642525,-0.0135202,-0.997842,0.126478,0.343226,-0.629597,
0.0157622,0.0108193,-0.0397914,0.001263,-0.000822,-0.000264,0.263921,-1.81003,-2.02822,-1.641,-1.88764,-1.0414,-7.6699e-05,6.39159e-05,3.83495e-05,-0.000167779,-0.000119842,0.000167779,-2.73864e-06,2.01847e-05,1.52175e-05,7.24348e-06,-0.000120056,0.00012126,0.631362,0.774901,0.0301688,0.772823,-0.631938,0.0583023,0.0642434,-0.0134947,-0.997843,0.126492,0.343212,-0.6296,
0.0132081,-0.0030416,-0.0407165,0.001487,-0.001394,-6.1e-05,0.263909,-1.80999,-2.02821,-1.64096,-1.88762,-1.04142,-7.6699e-05,6.39159e-05,3.83495e-05,7.19053e-05,-0.000119842,0.000143811,2.16515e-05,2.67741e-05,7.10609e-05,-4.19597e-05,0.000122669,0.000104861,0.631319,0.77494,0.030085,0.772862,-0.63189,0.0583042,0.0641926,-0.0135569,-0.997845,0.126453,0.343218,-0.629616,
0.0130741,-0.00378281,-0.10398,0.001482,-0.001403,0.000492,0.263897,-1.80999,-2.02827,-1.64099,-1.88763,-1.04139,-7.6699e-05,6.39159e-05,3.83495e-05,7.19053e-05,-0.000119842,0.000143811,2.16473e-05,2.67722e-05,7.10611e-05,-4.19723e-05,0.000122664,0.00010486,0.631358,0.774904,0.0301636,0.772824,-0.631934,0.0583306,0.064262,-0.0135164,-0.997842,0.126474,0.343219,-0.629583,
0.0134093,-0.0032754,-0.0407004,0.001487,-0.001394,-6.1e-05,0.263909,-1.81001,-2.02822,-1.641,-1.88763,-1.04141,-7.6699e-05,6.39159e-05,3.83495e-05,7.19053e-05,-0.000119842,0.000143811,2.16484e-05,2.67738e-05,7.10617e-05,-4.19696e-05,0.000122664,0.00010486,0.631341,0.774919,0.0301434,0.77284,-0.631916,0.0583139,0.0642366,-0.01352,-0.997843,0.126474,0.343218,-0.629603,
-0.000856938,0.00462172,-0.102589,0.001528,-0.001291,7.2e-05,0.263909,-1.81002,-2.02823,-1.64102,-1.88763,-1.04141,-7.6699e-05,6.39159e-05,3.83495e-05,7.19053e-05,-0.000119842,0.000143811,2.16461e-05,2.67734e-05,7.10626e-05,-4.19779e-05,0.000122662,0.000104859,0.631352,0.774909,0.0301852,0.772828,-0.631929,0.05833,0.0642753,-0.0134987,-0.997841,0.12649,0.34322,-0.629592,
0.00569494,0.0199318,-0.0404737,0.000664,-0.00074,-5.7e-05,0.263921,-1.81002,-2.02822,-1.64099,-1.88766,-1.04139,-7.6699e-05,6.39159e-05,3.83495e-05,7.19053e-05,-0.000119842,0.000143811,2.16474e-05,2.67741e-05,7.10607e-05,-4.19686e-05,0.00012266,0.000104859,0.631367,0.774898,0.0301563,0.772821,-0.631942,0.058272,0.0642119,-0.0134855,-0.997845,0.126484,0.343205,-0.629605,
0.00860919,0.0208557,-0.0402557,2.3e-05,-0.000765,-5.5e-05,0.263909,-1.81001,-2.02822,-1.64101,-1.88765,-1.04139,-7.6699e-05,6.39159e-05,3.83495e-05,7.19053e-05,-0.000119842,0.000143811,2.16478e-05,2.67738e-05,7.10613e-05,-4.19702e-05,0.000122661,0.000104859,0.631363,0.774901,0.0301625,0.772823,-0.631939,0.0582957,0.0642343,-0.0134955,-0.997844,0.126479,0.343213,-0.629602,
0.00969794,0.0190543,-0.0831707,6e-06,-0.000391,0.000525,0.263933,-1.81002,-2.02826,-1.64094,-1.8876,-1.0414,-7.6699e-05,6.39159e-05,3.83495e-05,7.19053e-05,-0.000119842,0.000143811,2.16472e-05,2.67733e-05,7.10612e-05,-4.19718e-05,0.000122667,0.000104861,0.63136,0.774904,0.0301243,0.772826,-0.631934,0.0583146,0.0642248,-0.0135366,-0.997844,0.126481,0.343207,-0.629595,
0.0112024,0.0344395,-0.0393233,-0.000201,-0.000192,-0.000258,0.263933,-1.81002,-2.02825,-1.64096,-1.88763,-1.04135,-7.6699e-05,6.39159e-05,3.83495e-05,7.19053e-05,-9.58738e-05,0.000143811,1.89109e-05,3.19324e-05,7.24055e-05,-5.86346e-05,0.000118161,8.8229e-05,0.6314,0.774871,0.0301435,0.772793,-0.631975,0.0582964,0.0642221,-0.0135137,-0.997844,0.126485,0.343203,-0.629598,
0.0254998,0.0265195,-0.101605,-0.000248,-0.000308,9.1e-05,0.263933,-1.81004,-2.02823,-1.64097,-1.88763,-1.04142,-7.6699e-05,6.39159e-05,3.83495e-05,7.19053e-05,-9.58738e-05,0.000119842,1.89094e-05,3.19328e-05,7.24064e-05,-4.53303e-05,0.000129491,7.1828e-05,0.63135,0.774911,0.0301646,0.772833,-0.631926,0.0583045,0.0642426,-0.0134984,-0.997843,0.126499,0.343208,-0.629596,
0.0117823,0.0169608,-0.0197945,-0.000328,0.000176,-2.2e-05,0.263909,-1.80999,-2.02821,-1.641,-1.88766,-1.04138,-7.6699e-05,5.11327e-05,3.83495e-05,7.19053e-05,-9.58738e-05,0.000119842,1.56236e-05,3.10439e-05,6.42934e-05,-4.19839e-05,0.00011715,7.18275e-05,0.631364,0.774901,0.0301343,0.772825,-0.631939,0.0582721,0.0641981,-0.0135024,-0.997846,0.126466,0.343209,-0.629613,
0.0108686,0.0185435,-0.0401288,-0.000316,-0.000206,-4.9e-05,0.263933,-1.81002,-2.02822,-1.64096,-1.88763,-1.04138,-7.6699e-05,5.11327e-05,3.83495e-05,7.19053e-05,-9.58738e-05,0.000119842,1.56223e-05,3.1044e-05,6.4294e-05,-4.19886e-05,0.000117153,7.18284e-05,0.631377,0.774891,0.0301224,0.772814,-0.63195,0.0582883,0.0642029,-0.0135229,-0.997845,0.126478,0.343205,-0.629609,
0.0282412,0.0406514,-0.103027,-0.000476,0.00026,0.000513,0.263933,-1.81001,-2.02823,-1.64095,-1.88762,-1.04141,-7.6699e-05,5.11327e-05,2.55663e-05,7.19053e-05,-9.58738e-05,0.000119842,1.74282e-05,3.15315e-05,5.74696e-05,-3.86528e-05,0.000104814,7.18289e-05,0.631346,0.774916,0.0301079,0.772839,-0.631919,0.0582955,0.0641999,-0.013536,-0.997845,0.126471,0.343205,-0.629608,
0.0277947,0.040578,-0.0397907,-0.000471,0.000269,-4e-05,0.263921,-1.81003,-2.02825,-1.64096,-1.88764,-1.0414,-7.6699e-05,5.11327e-05,2.55663e-05,7.19053e-05,-9.58738e-05,0.000119842,1.74259e-05,3.15311e-05,5.74699e-05,-3.8657e-05,0.00010481,7.18278e-05,0.631359,0.774904,0.0301579,0.772826,-0.631935,0.0582981,0.0642332,-0.0135003,-0.997844,0.12649,0.343209,-0.629592,
0.0296514,0.0258192,-0.0810298,-0.000902,5e-05,0.000121,0.263945,-1.81004,-2.02822,-1.64099,-1.88764,-1.0414,-7.6699e-05,5.11327e-05,2.55663e-05,7.19053e-05,-9.58738e-05,0.000119842,1.74248e-05,3.15322e-05,5.74706e-05,-3.86613e-05,0.000104809,7.18276e-05,0.631375,0.77489,0.0301698,0.772813,-0.631952,0.0582849,0.0642303,-0.013484,-0.997844,0.126502,0.3432,-0.629603,
0.0424667,0.031414,-0.0185132,-0.000525,0.000544,-0.000217,0.263933,-1.81003,-2.02822,-1.64099,-1.8876,-1.04136,-7.6699e-05,5.11327e-05,2.55663e-05,7.19053e-05,-9.58738e-05,0.000119842,1.74263e-05,3.15319e-05,5.74712e-05,-3.86603e-05,0.000104813,7.18287e-05,0.631393,0.774877,0.0301459,0.772797,-0.631968,0.0583228,0.0642442,-0.013528,-0.997843,0.126489,0.343214,-0.629603,
0.0240874,0.00725568,-0.039264,-5.5e-05,0.00027,-0.000249,0.263921,-1.81001,-2.0282,-1.64097,-1.88766,-1.04139,-7.6699e-05,5.11327e-05,2.55663e-05,7.19053e-05,-9.58738e-05,0.000119842,1.7429e-05,3.15322e-05,5.74689e-05,-3.86472e-05,0.00010481,7.18277e-05,0.631356,0.774908,0.0301141,0.772833,-0.63193,0.0582557,0.0641728,-0.0135069,-0.997847,0.126467,0.343204,-0.62962,
0.0213221,0.00954531,-0.102687,0.000278,-0.000297,0.000298,0.263921,-1.81004,-2.02821,-1.64097,-1.88765,-1.0414,-7.6699e-05,5.11327e-05,2.55663e-05,7.19053e-05,-9.58738e-05,0.000119842,1.74264e-05,3.15321e-05,5.747e-05,-3.86546e-05,0.000104809,7.18276e-05,0.631357,0.774906,0.0301512,0.772829,-0.631932,0.0582827,0.0642172,-0.0134955,-0.997845,0.126491,0.343211,-0.629605,
0.0177881,0.0089557,-0.0396856,0.000925,-0.000263,-0.000257,0.263909,-1.80999,-2.02821,-1.641,-1.8876,-1.04139,-7.6699e-05,5.11327e-05,2.55663e-05,7.19053e-05,-9.58738e-05,0.000119842,1.74295e-05,3.15316e-05,5.74706e-05,-3.86526e-05,0.000104816,7.18291e-05,0.631354,0.77491,0.0301128,0.77283,-0.631926,0.0583276,0.0642277,-0.0135533,-0.997843,0.12646,0.343223,-0.629612,
0.0163413,0.00876662,-0.0827358,0.001247,-0.000448,0.000317,0.263909,-1.81002,-2.02823,-1.64096,-1.88762,-1.04138,-7.6699e-05,5.11327e-05,2.55663e-05,7.19053e-05,-9.58738e-05,0.000119842,1.74278e-05,3.15311e-05,5.74701e-05,-3.86537e-05,0.000104814,7.18286e-05,0.631366,0.774899,0.0301277,0.77282,-0.631939,0.0583206,0.0642314,-0.0135384,-0.997843,0.126475,0.34322,-0.629598,
0.0191335,0.0114038,-0.0395384,0.000622,-0.000847,-0.000261,0.263933,-1.81001,-2.02821,-1.64099,-1.88763,-1.04139,-7.6699e-05,5.11327e-05,2.55663e-05,7.19053e-05,-9.58738e-05,0.000119842,1.74281e-05,3.15321e-05,5.74701e-05,-3.86538e-05,0.000104812,7.18284e-05,0.631367,0.774899,0.0301228,0.772822,-0.631941,0.0582884,0.0642035,-0.0135219,-0.997845,0.126473,0.343206,-0.629616,
0.0151862,-0.00546506,-0.0406073,0.001148,-0.000836,-5.5e-05,0.263933,-1.81002,-2.02823,-1.641,-1.8876,-1.04136,-7.6699e-05,5.11327e-05,2.55663e-05,7.19053e-05,-9.58738e-05,9.58738e-05,1.74261e-05,3.15316e-05,5.74712e-05,-2.53537e-05,0.000116144,5.5428e-05,0.631396,0.774874,0.0301564,0.772794,-0.631971,0.0583269,0.064254,-0.0135227,-0.997842,0.126488,0.343212,-0.6296,
0.016146,-0.00554247,-0.103808,0.001143,-0.000844,0.000498,0.263933,-1.80999,-2.0282,-1.64101,-1.88764,-1.04138,-7.6699e-05,5.11327e-05,2.55663e-05,7.19053e-05,-9.58738e-05,9.58738e-05,1.74285e-05,3.15323e-05,5.747e-05,-2.5346e-05,0.000116143,5.5427e-05,0.631377,0.774891,0.0301271,0.772814,-0.631951,0.0582773,0.0641974,-0.0135123,-0.997846,0.126469,0.343204,-0.629623,
0.0131449,-0.0048577,-0.0204419,0.001475,-0.001012,-3.4e-05,0.263933,-1.80999,-2.02821,-1.64101,-1.88766,-1.0414,-7.6699e-05,5.11327e-05,2.55663e-05,7.19053e-05,-9.58738e-05,9.58738e-05,1.74277e-05,3.15321e-05,5.74694e-05,-2.53465e-05,0.00011614,5.54265e-05,0.631361,0.774903,0.0301458,0.772827,-0.631937,0.058259,0.0641953,-0.013485,-0.997846,0.126474,0.343197,-0.629618,
-0.000915528,-0.0128924,-0.0831003,0.001402,-0.000923,0.000308,0.263921,-1.80998,-2.02826,-1.64097,-1.8876,-1.04139,-7.6699e-05,5.11327e-05,2.55663e-05,7.19053e-05,-9.58738e-05,9.58738e-05,1.74283e-05,3.15306e-05,5.74699e-05,-2.53477e-05,0.000116146,5.54278e-05,0.631363,0.774902,0.0301238,0.772823,-0.631936,0.0583233,0.0642312,-0.0135428,-0.997843,0.126464,0.34321,-0.629599,
0.0154854,-0.00569059,-0.040585,0.001148,-0.000836,-5.5e-05,0.263933,-1.80998,-2.02825,-1.64095,-1.88765,-1.04139,-7.6699e-05,5.11327e-05,2.55663e-05,7.19053e-05,-7.19053e-05,9.58738e-05,1.46927e-05,3.66898e-05,5.88128e-05,-4.20054e-05,0.00011164,3.87966e-05,0.631363,0.774903,0.0301099,0.772828,-0.631936,0.0582579,0.0641717,-0.0135121,-0.997847,0.126463,0.343193,-0.62961,
0.00260074,0.0202912,-0.0203737,0.000991,-0.000916,-3.6e-05,0.263921,-1.80998,-2.02823,-1.64097,-1.88763,-1.04139,-7.6699e-05,5.11327e-05,2.55663e-05,7.19053e-05,-7.19053e-05,9.58738e-05,1.46934e-05,3.669e-05,5.88137e-05,-4.20064e-05,0.000111642,3.8797e-05,0.631358,0.774907,0.0301113,0.772829,-0.631931,0.0582929,0.0641998,-0.0135328,-0.997845,0.126459,0.343207,-0.62961,
0.00529414,0.019495,-0.103757,0.000659,-0.000748,0.000496,0.263897,-1.81001,-2.02823,-1.64096,-1.88762,-1.0414,-7.6699e-05,5.11327e-05,2.55663e-05,7.19053e-05,-7.19053e-05,9.58738e-05,1.46933e-05,3.66898e-05,5.88142e-05,-4.20057e-05,0.000111643,3.87971e-05,0.631339,0.774922,0.030117,0.772843,-0.631911,0.0583254,0.064229,-0.0135473,-0.997843,0.126465,0.343225,-0.629598,
0.00519452,0.0194069,-0.0404988,0.000664,-0.00074,-5.7e-05,0.263957,-1.81002,-2.02825,-1.64097,-1.88764,-1.04136,-7.6699e-05,5.11327e-05,2.55663e-05,7.19053e-05,-7.19053e-05,9.58738e-05,1.46891e-05,3.66904e-05,5.88142e-05,-4.20152e-05,0.000111638,3.87962e-05,0.631407,0.774865,0.0301593,0.772789,-0.631983,0.0582719,0.0642131,-0.0134865,-0.997845,0.126495,0.343189,-0.629603,
0.0234261,0.0273169,-0.0814438,7.9e-05,-0.000484,0.000112,0.263897,-1.80998,-2.02825,-1.64099,-1.88762,-1.04141,-7.6699e-05,5.11327e-05,2.55663e-05,7.19053e-05,-7.19053e-05,9.58738e-05,1.46934e-05,3.66894e-05,5.88142e-05,-4.2007e-05,0.000111643,3.8797e-05,0.631332,0.774927,0.0301276,0.772848,-0.631905,0.0583295,0.0642389,-0.0135412,-0.997843,0.126459,0.343222,-0.629597,
0.00933379,0.018628,-0.0199248,1.1e-05,-0.000383,-2.8e-05,0.263945,-1.81003,-2.0282,-1.641,-1.88769,-1.04138,-7.6699e-05,5.11327e-05,2.55663e-05,7.19053e-05,-7.19053e-05,9.58738e-05,1.46896e-05,3.66913e-05,5.8814e-05,-4.20105e-05,0.000111635,3.87953e-05,0.631389,0.774879,0.0301661,0.772805,-0.631966,0.0582319,0.0641866,-0.0134545,-0.997847,0.126495,0.34319,-0.629617,
0.0107903,0.0353268,-0.0393618,-0.000201,-0.000192,-0.000258,0.263909,-1.81003,-2.02819,-1.64097,-1.88764,-1.04139,-6.39159e-05,5.11327e-05,2.55663e-05,7.19053e-05,-7.19053e-05,9.58738e-05,1.64232e-05,2.87562e-05,5.88145e-05,-4.20046e-05,0.000111641,5.15799e-05,0.631352,0.774911,0.0301147,0.772834,-0.631925,0.0582901,0.0641999,-0.0135279,-0.997845,0.126473,0.34322,-0.629616,
0.0113478,0.0344663,-0.102578,-0.000206,-0.0002,0.000295,0.263909,-1.80998,-2.02823,-1.641,-1.88766,-1.04141,-6.39159e-05,5.11327e-05,2.55663e-05,7.19053e-05,-7.19053e-05,9.58738e-05,1.64227e-05,2.8755e-05,5.88134e-05,-4.20063e-05,0.000111639,5.15791e-05,0.631339,0.774921,0.0301453,0.772844,-0.631914,0.0582763,0.0642088,-0.0134945,-0.997845,0.126465,0.343206,-0.629605,
0.0134376,0.0327644,-0.0392066,-0.000539,0.000367,-0.000252,0.263945,-1.80995,-2.02822,-1.64095,-1.88762,-1.04138,-6.39159e-05,5.11327e-05,2.55663e-05,7.19053e-05,-7.19053e-05,9.58738e-05,1.64265e-05,2.87559e-05,5.88127e-05,-4.20017e-05,0.000111644,5.15813e-05,0.631365,0.774904,0.0300447,0.772829,-0.631934,0.0582622,0.0641338,-0.0135653,-0.997849,0.126433,0.343191,-0.629634,
0.0269544,0.0238316,-0.101524,-0.000587,0.000251,9.7e-05,0.263921,-1.80999,-2.02821,-1.64096,-1.88764,-1.04135,-6.39159e-05,5.11327e-05,2.55663e-05,7.19053e-05,-7.19053e-05,9.58738e-05,1.64243e-05,2.87558e-05,5.88135e-05,-4.20032e-05,0.000111642,5.15802e-05,0.631381,0.774889,0.0300941,0.772813,-0.631953,0.0582735,0.0641735,-0.0135357,-0.997847,0.126458,0.343207,-0.629619,
0.0270771,0.0422068,-0.060113,-0.000459,-0.000113,-6.7e-05,0.263909,-1.80998,-2.02826,-1.64096,-1.88764,-1.04139,-6.39159e-05,5.11327e-05,2.55663e-05,7.19053e-05,-7.19053e-05,9.58738e-05,1.6423e-05,2.87545e-05,5.88132e-05,-4.20059e-05,0.000111641,5.15798e-05,0.631355,0.774909,0.0301257,0.772831,-0.631928,0.0582943,0.0642101,-0.0135223,-0.997845,0.126462,0.343208,-0.629597,
0.0130195,0.0340905,-0.0595056,-0.000528,-1.5e-05,-0.000279,0.263897,-1.80998,-2.02821,-1.64101,-1.88763,-1.04136,-6.39159e-05,5.11327e-05,2.55663e-05,7.19053e-05,-7.19053e-05,9.58738e-05,1.64243e-05,2.87554e-05,5.88144e-05,-4.20051e-05,0.000111642,5.158e-05,0.631366,0.7749,0.0301209,0.772821,-0.631939,0.0583141,0.0642222,-0.0135395,-0.997844,0.126455,0.343223,-0.629612,
0.0115885,0.0343404,-0.102561,-0.000206,-0.0002,0.000295,0.263933,-1.81001,-2.02825,-1.641,-1.8876,-1.0414,-6.39159e-05,5.11327e-05,2.55663e-05,7.19053e-05,-7.19053e-05,7.19053e-05,1.64207e-05,2.87552e-05,5.88152e-05,-2.87073e-05,0.000122973,3.51794e-05,0.631368,0.774897,0.0301569,0.772817,-0.631943,0.0583271,0.0642549,-0.0135201,-0.997842,0.126484,0.343209,-0.629598,
0.0234174,0.0107567,-0.0189558,-3.1e-05,-0.00049,-0.000232,0.263933,-1.80998,-2.02823,-1.64099,-1.8876,-1.04138,-6.39159e-05,5.11327e-05,2.55663e-05,7.19053e-05,-7.19053e-05,7.19053e-05,1.64231e-05,2.87555e-05,5.88144e-05,-2.87026e-05,0.000122974,3.51792e-05,0.631376,0.774892,0.0301142,0.772813,-0.631949,0.0583107,0.0642151,-0.0135433,-0.997844,0.126463,0.343206,-0.629611,
0.0198486,0.0259224,-0.0816991,0.00072,-0.000459,0.00011,0.263921,-1.80998,-2.02821,-1.64099,-1.88762,-1.0414,-6.39159e-05,5.11327e-05,2.55663e-05,7.19053e-05,-7.19053e-05,7.19053e-05,1.64245e-05,2.87558e-05,5.88142e-05,-2.86985e-05,0.000122974,3.51789e-05,0.631346,0.774917,0.0300965,0.772839,-0.631918,0.0583,0.0641961,-0.0135477,-0.997845,0.126454,0.343212,-0.62962,
0.0191839,0.00967677,-0.0192576,0.00061,-0.000465,-0.000234,0.263957,-1.80998,-2.02821,-1.64099,-1.88763,-1.0414,-6.39159e-05,5.11327e-05,2.55663e-05,7.19053e-05,-7.19053e-05,7.19053e-05,1.64233e-05,2.87564e-05,5.88139e-05,-2.87025e-05,0.000122972,3.51787e-05,0.631366,0.774901,0.0301022,0.772825,-0.631939,0.0582627,0.0641706,-0.0135213,-0.997847,0.126464,0.34319,-0.629629,
0.0172852,0.00867683,-0.0397142,0.000925,-0.000263,-0.000257,0.263897,-1.80998,-2.02822,-1.64094,-1.88765,-1.04139,-6.39159e-05,5.11327e-05,2.55663e-05,7.19053e-05,-7.19053e-05,7.19053e-05,1.64257e-05,2.87552e-05,5.88125e-05,-2.8691e-05,0.000122974,3.51782e-05,0.631335,0.774927,0.0300767,0.772851,-0.631906,0.0582716,0.0641619,-0.0135441,-0.997848,0.126444,0.343213,-0.629614,
0.0151972,0.0104919,-0.103087,0.001258,-0.00083,0.000289,0.263909,-1.80999,-2.0282,-1.64096,-1.88763,-1.04136,-6.39159e-05,5.11327e-05,2.55663e-05,7.19053e-05,-7.19053e-05,7.19053e-05,1.64253e-05,2.87559e-05,5.88137e-05,-2.86944e-05,0.000122974,3.51786e-05,0.631363,0.774904,0.0300792,0.772828,-0.631933,0.0582892,0.0641765,-0.0135556,-0.997846,0.126451,0.343216,-0.629622,
0.0149415,0.010437,-0.039839,0.001263,-0.000822,-0.000264,0.263933,-1.81002,-2.02822,-1.64097,-1.88762,-1.0414,-6.39159e-05,5.11327e-05,2.55663e-05,7.19053e-05,-7.19053e-05,7.19053e-05,1.64218e-05,2.87558e-05,5.88147e-05,-2.87033e-05,0.000122973,3.51791e-05,0.63136,0.774904,0.0301286,0.772826,-0.631934,0.0583034,0.0642189,-0.0135263,-0.997844,0.12648,0.343209,-0.629608,
0.0138368,0.0111881,-0.0828789,0.001585,-0.001007,0.000311,0.263945,-1.80997,-2.02823,-1.64099,-1.8876,-1.04139,-5.11327e-05,5.11327e-05,2.55663e-05,7.19053e-05,-7.19053e-05,7.19053e-05,1.81538e-05,2.08209e-05,5.88142e-05,-2.8703e-05,0.000122974,4.79623e-05,0.631371,0.774896,0.0301041,0.772819,-0.631943,0.0582979,0.0641989,-0.0135426,-0.997845,0.126459,0.343198,-0.629618,
0.0127741,0.0127077,-0.0399584,0.001602,-0.001381,-0.00027,0.263921,-1.80998,-2.0282,-1.64097,-1.88762,-1.04136,-5.11327e-05,5.11327e-05,2.55663e-05,7.19053e-05,-7.19053e-05,7.19053e-05,1.81557e-05,2.08213e-05,5.88139e-05,-2.86962e-05,0.000122975,4.7962e-05,0.631369,0.774899,0.0300753,0.772823,-0.631939,0.0582918,0.0641761,-0.0135607,-0.997846,0.126448,0.343212,-0.629627,
0.0149367,0.0103813,-0.0398386,0.001263,-0.000822,-0.000264,0.263933,-1.80998,-2.02822,-1.64097,-1.88762,-1.04142,-5.11327e-05,5.11327e-05,2.55663e-05,7.19053e-05,-7.19053e-05,7.19053e-05,1.81542e-05,2.0821e-05,5.88139e-05,-2.86999e-05,0.000122974,4.79621e-05,0.631334,0.774927,0.030097,0.77285,-0.631906,0.0582913,0.0641899,-0.0135408,-0.997846,0.126458,0.343204,-0.629618,
0.0159327,0.00890111,-0.0827639,0.001247,-0.000448,0.000317,0.263921,-1.81001,-2.02823,-1.64099,-1.88764,-1.04136,-5.11327e-05,5.11327e-05,2.55663e-05,7.19053e-05,-7.19053e-05,7.19053e-05,1.81518e-05,2.08204e-05,5.88142e-05,-2.87023e-05,0.000122971,4.79619e-05,0.631385,0.774883,0.0301481,0.772806,-0.63196,0.0582943,0.0642237,-0.0135075,-0.997844,0.126478,0.343208,-0.629602,
0.0190501,0.0117372,-0.0395483,0.000622,-0.000847,-0.000261,0.263933,-1.81002,-2.02823,-1.64096,-1.88759,-1.04138,-5.11327e-05,5.11327e-05,2.55663e-05,7.19053e-05,-7.19053e-05,7.19053e-05,1.81521e-05,2.08207e-05,5.8815e-05,-2.87041e-05,0.000122974,4.79626e-05,0.631379,0.77489,0.03012,0.77281,-0.631951,0.0583257,0.0642303,-0.0135485,-0.997843,0.126478,0.343213,-0.629604,
0.0212045,0.0287773,-0.0815567,0.000417,-0.001043,0.000106,0.263933,-1.80999,-2.02821,-1.64094,-1.88759,-1.04139,-5.11327e-05,5.11327e-05,2.55663e-05,7.19053e-05,-7.19053e-05,7.19053e-05,1.81555e-05,2.08213e-05,5.8814e-05,-2.86972e-05,0.000122976,4.79623e-05,0.631354,0.774912,0.0300563,0.772835,-0.631923,0.0583011,0.0641715,-0.0135801,-0.997846,0.126451,0.34321,-0.629624,
0.00817287,0.0198342,-0.04027,2.3e-05,-0.000765,-5.5e-05,0.263933,-1.81003,-2.02822,-1.64095,-1.88765,-1.04139,-5.11327e-05,5.11327e-05,2.55663e-05,7.19053e-05,-7.19053e-05,7.19053e-05,1.81518e-05,2.08209e-05,5.88138e-05,-2.8701e-05,0.000122971,4.79616e-05,0.631368,0.774898,0.030131,0.772822,-0.631942,0.0582661,0.0641913,-0.0135014,-0.997846,0.126485,0.343201,-0.629608,
0.00676379,0.0193989,-0.0607027,0.000337,-0.000563,-7.8e-05,0.263933,-1.81001,-2.02825,-1.64096,-1.88759,-1.04136,-5.11327e-05,5.11327e-05,2.55663e-05,7.19053e-05,-7.19053e-05,7.19053e-05,1.81522e-05,2.08204e-05,5.88147e-05,-2.87042e-05,0.000122974,4.79626e-05,0.631388,0.774882,0.0301205,0.772802,-0.631961,0.0583258,0.0642306,-0.0135491,-0.997843,0.126475,0.34321,-0.629601,
0.00803398,0.0171894,-0.1036,0.00032,-0.000189,0.000502,0.263921,-1.81001,-2.02826,-1.64096,-1.8876,-1.0414,-5.11327e-05,5.11327e-05,2.55663e-05,7.19053e-05,-7.19053e-05,7.19053e-05,1.81517e-05,2.082e-05,5.88145e-05,-2.87035e-05,0.000122974,4.79625e-05,0.631356,0.774907,0.0301348,0.772827,-0.63193,0.0583275,0.0642415,-0.0135364,-0.997843,0.126476,0.343213,-0.629593,
0.0113829,0.0344418,-0.0393117,-0.000201,-0.000192,-0.000258,0.263933,-1.81001,-2.02822,-1.64099,-1.88759,-1.04136,-5.11327e-05,5.11327e-05,2.55663e-05,7.19053e-05,-4.79369e-05,7.19053e-05,1.54168e-05,2.59797e-05,6.01594e-05,-4.53666e-05,0.000118472,3.13321e-05,0.631388,0.774882,0.0301209,0.772802,-0.631961,0.058326,0.064231,-0.0135488,-0.997843,0.126473,0.343213,-0.62961,
0.0260282,0.0245137,-0.0812892,-0.00026,7.4e-05,0.000118,0.263921,-1.80998,-2.02822,-1.64099,-1.88758,-1.04133,-5.11327e-05,5.11327e-05,2.55663e-05,7.19053e-05,-4.79369e-05,7.19053e-05,1.54188e-05,2.59796e-05,6.01591e-05,-4.53637e-05,0.000118473,3.13326e-05,0.631404,0.77487,0.0300944,0.77279,-0.631975,0.058338,0.0642232,-0.0135782,-0.997843,0.126455,0.343219,-0.629614,
0.0280464,0.0401226,-0.0397683,-0.000471,0.000269,-4e-05,0.263933,-1.81003,-2.02823,-1.64099,-1.88764,-1.04136,-5.11327e-05,5.11327e-05,2.55663e-05,7.19053e-05,-4.79369e-05,7.19053e-05,1.54142e-05,2.59793e-05,6.01591e-05,-4.53679e-05,0.000118468,3.13308e-05,0.631396,0.774873,0.0301693,0.772795,-0.631973,0.0582936,0.0642363,-0.0134916,-0.997844,0.126496,0.343204,-0.629598,
0.0281882,0.0410574,-0.0397718,-0.000471,0.000269,-4e-05,0.263957,-1.81002,-2.02823,-1.641,-1.88764,-1.04138,-5.11327e-05,5.11327e-05,2.55663e-05,7.19053e-05,-4.79369e-05,7.19053e-05,1.54139e-05,2.59797e-05,6.01591e-05,-4.53707e-05,0.000118467,3.13308e-05,0.6314,0.77487,0.0301703,0.772793,-0.631977,0.0582762,0.0642234,-0.0134802,-0.997844,0.126497,0.343191,-0.629606,
0.0116016,0.0349813,-0.102569,-0.000206,-0.0002,0.000295,0.263933,-1.80999,-2.02823,-1.64099,-1.8876,-1.04139,-5.11327e-05,5.11327e-05,2.55663e-05,7.19053e-05,-4.79369e-05,7.19053e-05,1.54168e-05,2.59795e-05,6.0159e-05,-4.53662e-05,0.000118471,3.13319e-05,0.63137,0.774897,0.0301248,0.772818,-0.631943,0.0583147,0.064225,-0.0135372,-0.997844,0.12647,0.343208,-0.629608,
0.0112049,0.0344335,-0.0393231,-0.000201,-0.000192,-0.000258,0.263933,-1.81002,-2.02823,-1.64099,-1.88759,-1.04138,-5.11327e-05,5.11327e-05,2.55663e-05,7.19053e-05,-4.79369e-05,7.19053e-05,1.54155e-05,2.59795e-05,6.01596e-05,-4.53685e-05,0.000118471,3.13318e-05,0.631384,0.774884,0.0301416,0.772804,-0.631958,0.0583339,0.0642503,-0.0135376,-0.997842,0.126484,0.343214,-0.629601,
0.0238278,0.0267653,-0.0814104,7.9e-05,-0.000484,0.000112,0.263933,-1.80998,-2.02823,-1.64096,-1.88766,-1.04139,-5.11327e-05,5.11327e-05,2.55663e-05,7.19053e-05,-4.79369e-05,7.19053e-05,1.54176e-05,2.59795e-05,6.01573e-05,-4.53613e-05,0.000118468,3.13314e-05,0.631363,0.774903,0.0301142,0.772828,-0.631936,0.0582468,0.0641659,-0.0135018,-0.997848,0.126463,0.343191,-0.629614,
0.0208332,0.00966881,-0.0394563,0.000283,-0.000288,-0.000255,0.263933,-1.81001,-2.02823,-1.64101,-1.8876,-1.04138,-5.11327e-05,5.11327e-05,2.55663e-05,7.19053e-05,-4.79369e-05,7.19053e-05,1.54153e-05,2.59794e-05,6.01596e-05,-4.53691e-05,0.00011847,3.13314e-05,0.631387,0.774882,0.0301569,0.772801,-0.631962,0.0583271,0.0642545,-0.0135217,-0.997842,0.126483,0.343211,-0.629602,
0.0201669,0.00816911,-0.0598268,0.000598,-8.7e-05,-0.000279,0.263921,-1.81002,-2.02821,-1.64102,-1.88757,-1.04139,-5.11327e-05,5.11327e-05,2.55663e-05,7.19053e-05,-4.79369e-05,7.19053e-05,1.54162e-05,2.59797e-05,6.01607e-05,-4.53688e-05,0.000118473,3.1332e-05,0.63137,0.774896,0.0301424,0.772813,-0.631944,0.0583692,0.0642784,-0.0135581,-0.99784,0.12648,0.34323,-0.629606,
0.0208392,0.0077066,-0.123041,0.000593,-9.5e-05,0.000274,0.263921,-1.81002,-2.0282,-1.64097,-1.8876,-1.04135,-3.83495e-05,5.11327e-05,2.55663e-05,7.19053e-05,-4.79369e-05,7.19053e-05,1.71481e-05,1.80451e-05,6.01592e-05,-4.53628e-05,0.000118472,4.41154e-05,0.631386,0.774885,0.0301027,0.772806,-0.631957,0.0583151,0.0642111,-0.0135558,-0.997844,0.126469,0.34322,-0.629616,
0.0193461,0.00958992,-0.019246,0.00061,-0.000465,-0.000234,0.263933,-1.80998,-2.02821,-1.64101,-1.8876,-1.04138,-3.83495e-05,5.11327e-05,2.55663e-05,7.19053e-05,-4.79369e-05,7.19053e-05,1.71483e-05,1.80451e-05,6.01592e-05,-4.53652e-05,0.000118471,4.41152e-05,0.631376,0.774892,0.0301138,0.772813,-0.631949,0.0583105,0.0642147,-0.0135435,-0.997844,0.126462,0.343209,-0.62962,
0.00293839,0.00352211,-0.0820313,0.000875,-0.000934,0.000101,0.263909,-1.81003,-2.0282,-1.64099,-1.88762,-1.04136,-3.83495e-05,5.11327e-05,2.55663e-05,7.19053e-05,-4.79369e-05,7.19053e-05,1.71471e-05,1.80447e-05,6.01595e-05,-4.5363e-05,0.000118471,4.41149e-05,0.631375,0.774892,0.0301281,0.772813,-0.631949,0.0583207,0.0642317,-0.0135389,-0.997843,0.126477,0.343225,-0.629609,
0.00270793,0.00364086,-0.0187842,0.00088,-0.000926,-0.000452,0.263933,-1.80999,-2.02827,-1.641,-1.88759,-1.04142,-3.83495e-05,5.11327e-05,2.55663e-05,7.19053e-05,-4.79369e-05,7.19053e-05,1.7145e-05,1.80439e-05,6.01593e-05,-4.53704e-05,0.000118471,4.41146e-05,0.631352,0.77491,0.0301627,0.772828,-0.631927,0.0583421,0.0642705,-0.0135238,-0.997841,0.126482,0.343209,-0.62959,
0.00269379,0.00543011,-0.0390634,0.000892,-0.001308,-0.000479,0.263945,-1.80998,-2.0282,-1.64097,-1.88762,-1.04141,-3.83495e-05,5.11327e-05,2.55663e-05,7.19053e-05,-4.79369e-05,4.79369e-05,1.71497e-05,1.80457e-05,6.01583e-05,-3.20559e-05,0.000129802,2.77136e-05,0.631345,0.774919,0.0300763,0.772843,-0.631916,0.0582744,0.0641636,-0.013547,-0.997847,0.126454,0.343199,-0.629632,
0.0127612,-0.00367504,-0.104001,0.001482,-0.001403,0.000492,0.263933,-1.81003,-2.02822,-1.64099,-1.8876,-1.04136,-3.83495e-05,5.11327e-05,2.55663e-05,7.19053e-05,-4.79369e-05,4.79369e-05,1.71455e-05,1.80447e-05,6.01597e-05,-3.206e-05,0.000129801,2.7714e-05,0.631393,0.774877,0.0301459,0.772797,-0.631968,0.0583228,0.0642442,-0.013528,-0.997843,0.126489,0.343214,-0.629603,
0.0136504,-0.00502732,-0.020407,0.001475,-0.001012,-3.4e-05,0.263921,-1.80998,-2.02823,-1.64096,-1.88757,-1.04138,-3.83495e-05,5.11327e-05,2.55663e-05,7.19053e-05,-4.79369e-05,4.79369e-05,1.71492e-05,1.80447e-05,6.01589e-05,-3.20554e-05,0.000129804,2.77142e-05,0.631364,0.774903,0.0300791,0.772823,-0.631934,0.0583448,0.0642196,-0.013591,-0.997843,0.126451,0.34322,-0.629611,
0.0301643,0.000260271,-0.0817759,0.001204,-0.000555,0.000113,0.263909,-1.80997,-2.02826,-1.641,-1.88762,-1.04138,-3.83495e-05,5.11327e-05,2.55663e-05,7.19053e-05,-4.79369e-05,4.79369e-05,1.71472e-05,1.80439e-05,6.01585e-05,-3.20559e-05,0.000129802,2.77138e-05,0.631369,0.774897,0.0301386,0.772817,-0.631943,0.0583248,0.0642416,-0.0135328,-0.997843,0.126461,0.343214,-0.629597,
0.0180522,0.00855298,-0.0396632,0.000925,-0.000263,-0.000257,0.263909,-1.81002,-2.0282,-1.641,-1.88759,-1.04136,-3.83495e-05,5.11327e-05,2.55663e-05,7.19053e-05,-4.79369e-05,4.79369e-05,1.71477e-05,1.80448e-05,6.01599e-05,-3.20556e-05,0.000129803,2.7714e-05,0.631375,0.774892,0.0301195,0.772812,-0.631948,0.058343,0.0642435,-0.0135596,-0.997842,0.126471,0.34323,-0.629611,
0.0216711,0.00904461,-0.039394,0.000283,-0.000288,-0.000255,0.263933,-1.81001,-2.02825,-1.64099,-1.88757,-1.04139,-3.83495e-05,5.11327e-05,2.55663e-05,7.19053e-05,-4.79369e-05,4.79369e-05,1.71461e-05,1.80444e-05,6.01598e-05,-3.20608e-05,0.000129803,2.77144e-05,0.631374,0.774892,0.0301332,0.772811,-0.631948,0.0583568,0.0642628,-0.0135577,-0.997841,0.126478,0.343217,-0.629599,
0.0100064,0.0183822,-0.0831418,6e-06,-0.000391,0.000525,0.263933,-1.80997,-2.02825,-1.64096,-1.88762,-1.04138,-3.83495e-05,5.11327e-05,2.55663e-05,7.19053e-05,-4.79369e-05,4.79369e-05,1.71486e-05,1.80447e-05,6.01578e-05,-3.20559e-05,0.000129802,2.77137e-05,0.631371,0.774896,0.030097,0.77282,-0.631943,0.0582913,0.0641893,-0.0135439,-0.997846,0.126455,0.3432,-0.629612,
0.00884375,0.0348651,-0.0191759,0.000126,-0.000369,-0.000237,0.263909,-1.81003,-2.02821,-1.641,-1.88762,-1.04134,-3.83495e-05,5.11327e-05,2.55663e-05,7.19053e-05,-4.79369e-05,4.79369e-05,1.71461e-05,1.80445e-05,6.01597e-05,-3.20566e-05,0.000129802,2.77138e-05,0.631399,0.774872,0.0301488,0.772792,-0.631974,0.0583287,0.0642505,-0.01353,-0.997842,0.126483,0.343225,-0.629602,
0.0262393,0.0247177,-0.0812784,-0.00026,7.4e-05,0.000118,0.263945,-1.81004,-2.02822,-1.64099,-1.88762,-1.04136,-3.83495e-05,5.11327e-05,2.55663e-05,7.19053e-05,-4.79369e-05,4.79369e-05,1.71445e-05,1.80448e-05,6.01597e-05,-3.2062e-05,0.0001298,2.77139e-05,0.631403,0.774868,0.0301612,0.77279,-0.631978,0.0583071,0.0642416,-0.013507,-0.997843,0.1265,0.343206,-0.629603,
0.0118167,0.033134,-0.019012,-0.000212,0.00019,-0.00023,0.263945,-1.81003,-2.02825,-1.64101,-1.8876,-1.04135,-3.83495e-05,5.11327e-05,2.55663e-05,7.19053e-05,-4.79369e-05,4.79369e-05,1.71433e-05,1.80443e-05,6.01601e-05,-3.20646e-05,0.0001298,2.77141e-05,0.631419,0.774854,0.0301886,0.772773,-0.631996,0.0583304,0.0642766,-0.013502,-0.997841,0.126504,0.343207,-0.629593,
0.0141701,0.0326836,-0.0391583,-0.000539,0.000367,-0.000252,0.263921,-1.80998,-2.02822,-1.64096,-1.8876,-1.04139,-3.83495e-05,5.11327e-05,2.55663e-05,7.19053e-05,-4.79369e-05,4.79369e-05,1.71494e-05,1.80449e-05,6.01583e-05,-3.20538e-05,0.000129803,2.77138e-05,0.631353,0.774912,0.0300816,0.772835,-0.631923,0.058307,0.0641921,-0.0135642,-0.997845,0.126451,0.343212,-0.629616,
0.0281243,0.040205,-0.103028,-0.000476,0.00026,0.000513,0.263921,-1.80999,-2.02826,-1.64096,-1.88762,-1.04135,-3.83495e-05,5.11327e-05,2.55663e-05,7.19053e-05,-4.79369e-05,4.79369e-05,1.71467e-05,1.80441e-05,6.01583e-05,-3.20566e-05,0.000129802,2.77138e-05,0.631391,0.774879,0.0301281,0.772801,-0.631964,0.0583122,0.0642248,-0.0135347,-0.997844,0.12647,0.343209,-0.629597,
0.0136106,0.0323302,-0.0391896,-0.000539,0.000367,-0.000252,0.263933,-1.80997,-2.02821,-1.64097,-1.88755,-1.04139,-3.83495e-05,5.11327e-05,2.55663e-05,7.19053e-05,-4.79369e-05,4.79369e-05,1.71507e-05,1.80454e-05,6.01591e-05,-3.20557e-05,0.000129805,2.77143e-05,0.631356,0.774911,0.0300536,0.772831,-0.631924,0.0583394,0.0641994,-0.0136066,-0.997844,0.126442,0.343217,-0.629627,
0.0137512,0.0314863,-0.102433,-0.000545,0.000358,0.000301,0.263945,-1.81003,-2.02822,-1.64099,-1.88762,-1.04133,-3.83495e-05,5.11327e-05,2.55663e-05,7.19053e-05,-4.79369e-05,4.79369e-05,1.71452e-05,1.80449e-05,6.01595e-05,-3.20613e-05,0.000129801,2.77138e-05,0.631428,0.774848,0.0301507,0.77277,-0.632003,0.058303,0.0642313,-0.0135146,-0.997844,0.126493,0.343204,-0.629606,
0.0112729,0.034677,-0.039322,-0.000201,-0.000192,-0.000258,0.263957,-1.81001,-2.02826,-1.641,-1.88763,-1.04138,-3.83495e-05,5.11327e-05,2.55663e-05,7.19053e-05,-4.79369e-05,4.79369e-05,1.71441e-05,1.80445e-05,6.0159e-05,-3.20641e-05,0.000129799,2.77138e-05,0.631403,0.774868,0.030177,0.77279,-0.63198,0.0582915,0.0642395,-0.0134849,-0.997843,0.126496,0.34319,-0.629598,
0.0093859,0.0355018,-0.0191497,0.000126,-0.000369,-0.000237,0.263945,-1.81001,-2.02823,-1.64097,-1.88765,-1.04138,-3.83495e-05,5.11327e-05,2.55663e-05,7.19053e-05,-4.79369e-05,4.79369e-05,1.71461e-05,1.80448e-05,6.01582e-05,-3.2059e-05,0.0001298,2.77134e-05,0.631386,0.774883,0.0301425,0.772807,-0.631961,0.0582616,0.0641947,-0.0134913,-0.997846,0.126482,0.343192,-0.629609,
0.0221461,0.0423416,-0.103435,0.000504,-0.000273,0.000505,0.263921,-1.80998,-2.02822,-1.64099,-1.88763,-1.04136,-3.83495e-05,5.11327e-05,2.55663e-05,7.19053e-05,-4.79369e-05,4.79369e-05,1.71484e-05,1.80447e-05,6.01583e-05,-3.20549e-05,0.000129802,2.77136e-05,0.631377,0.774891,0.0301117,0.772814,-0.63195,0.0582931,0.0641999,-0.0135341,-0.997845,0.126459,0.343208,-0.629614,
0.0332909,0.0359768,-0.039363,0.000805,-0.000931,-0.000258,0.263921,-1.81001,-2.02823,-1.64101,-1.8876,-1.04139,-3.83495e-05,5.11327e-05,2.55663e-05,7.19053e-05,-4.79369e-05,4.79369e-05,1.71458e-05,1.80443e-05,6.01596e-05,-3.20592e-05,0.000129802,2.7714e-05,0.631371,0.774894,0.0301564,0.772814,-0.631946,0.0583358,0.0642613,-0.0135263,-0.997841,0.126481,0.343217,-0.629599,
0.0348004,0.0343676,-0.0822535,0.000789,-0.000557,0.000322,0.263909,-1.80999,-2.02822,-1.64096,-1.88762,-1.04135,-3.83495e-05,5.11327e-05,2.55663e-05,7.19053e-05,-4.79369e-05,4.79369e-05,1.71488e-05,1.80446e-05,6.01583e-05,-3.20528e-05,0.000129803,2.77137e-05,0.631377,0.774892,0.030096,0.772814,-0.631948,0.0583084,0.0642018,-0.013556,-0.997845,0.126457,0.343217,-0.62961,
0.0296664,0.0186938,-0.0404044,0.001332,-0.00092,-5.2e-05,0.263909,-1.80999,-2.02821,-1.64096,-1.88762,-1.04138,-3.83495e-05,5.11327e-05,2.55663e-05,7.19053e-05,-4.79369e-05,4.79369e-05,1.71494e-05,1.80448e-05,6.01583e-05,-3.2052e-05,0.000129803,2.77136e-05,0.631356,0.77491,0.030085,0.772832,-0.631927,0.0583042,0.064192,-0.01356,-0.997845,0.126453,0.343218,-0.629616,
0.0295601,0.0186501,-0.0404107,0.001332,-0.00092,-5.2e-05,0.263921,-1.80998,-2.02821,-1.64095,-1.88767,-1.04138,-3.83495e-05,5.11327e-05,2.55663e-05,7.19053e-05,-4.79369e-05,4.79369e-05,1.71498e-05,1.80451e-05,6.01569e-05,-3.20507e-05,0.000129801,2.77129e-05,0.631358,0.774908,0.0300859,0.772835,-0.63193,0.0582321,0.0641367,-0.0135139,-0.99785,0.126451,0.343196,-0.629624,
0.0154647,0.0271795,-0.104653,0.001369,-0.000821,0.000705,0.263933,-1.80999,-2.02825,-1.64099,-1.88759,-1.04135,-3.83495e-05,5.11327e-05,2.55663e-05,7.19053e-05,-4.79369e-05,4.79369e-05,1.71466e-05,1.80444e-05,6.01591e-05,-3.20595e-05,0.000129802,2.77141e-05,0.6314,0.774872,0.030131,0.772792,-0.631973,0.0583299,0.0642402,-0.0135445,-0.997843,0.126473,0.34321,-0.629602,
0.0317038,0.0201039,-0.0199444,0.001017,-0.001121,-2.8e-05,0.263933,-1.80997,-2.02823,-1.64097,-1.8876,-1.04136,-3.83495e-05,5.11327e-05,2.55663e-05,7.19053e-05,-4.79369e-05,4.79369e-05,1.71489e-05,1.80449e-05,6.01583e-05,-3.20561e-05,0.000129803,2.77138e-05,0.63138,0.774889,0.0300927,0.772812,-0.631952,0.0583024,0.064195,-0.013555,-0.997845,0.126453,0.343204,-0.629616,
