-0.0827195,0.0696029,-0.164742,-0.00199,-0.005268,0.000362,0.264172,-1.80956,-2.02838,-1.64281,-1.88841,-1.04303,-0.000741424,0,-0,0.0138538,-0.00107858,0.0302002,0.00142688,0.000607979,0.00316887,-0.0196525,-0.000734645,0.0206376,0.630573,0.775479,0.0317832,0.773405,-0.631261,0.0579146,0.0649751,-0.0119381,-0.997815,0.126796,0.342921,-0.629548,
0.0376036,-0.0622443,-0.0830548,0.004668,0.001636,0.000128,0.26416,-1.80955,-2.02833,-1.64296,-1.88837,-1.0428,-0.000639159,0,-0,-0.024328,-0.000958738,0.0298887,-0.00244227,-0.000476302,-0.00572515,-0.00959581,-0.0374662,0.0204421,0.630763,0.775321,0.031855,0.773242,-0.631454,0.0579899,0.0650758,-0.0119463,-0.997809,0.126805,0.342945,-0.629555,
0.027439,-0.0187696,-0.0416699,0.002358,0.003685,0.000192,0.264136,-1.80947,-2.02829,-1.6429,-1.88838,-1.04254,-0.000140615,0.000357929,0.00028123,0.0199897,-0.000958738,0.0285944,0.00216927,0.000443245,0.0049831,-0.0206107,0.00654563,0.0200598,0.630916,0.775203,0.0316986,0.773129,-0.631597,0.0579349,0.0649321,-0.0120449,-0.997817,0.126724,0.342944,-0.629596,
-0.243582,-0.114364,-0.0541561,0.009931,-0.016406,0.001594,0.26416,-1.80949,-2.02831,-1.64295,-1.88848,-1.0424,-0.000140615,0.000357929,0.00028123,-0.0236808,-0.00484163,0.0197979,-0.00181298,-0.0015891,-0.00541464,-0.00162544,-0.0307157,0.0167475,0.631051,0.775089,0.0318093,0.773019,-0.63174,0.057857,0.0649396,-0.0119215,-0.997818,0.126768,0.342914,-0.629585,
0.00605121,0.0560319,-0.000792876,-0.003646,0.003514,0.000658,0.264089,-1.8095,-2.02832,-1.64305,-1.88845,-1.04237,-0.000140615,0.000357929,0.00028123,-0.00977913,-0.00484163,0.00867658,-0.000403906,-0.00120793,-0.00217417,0.000923228,-0.012026,0.00915061,0.631065,0.775074,0.0319038,0.772995,-0.631758,0.0579723,0.0650883,-0.0119228,-0.997808,0.126781,0.342963,-0.629549,
-0.197628,-0.052789,-0.069959,0.005837,-0.012436,0.000998,0.2641,-1.80953,-2.02829,-1.64287,-1.88847,-1.04231,-0.00200696,0.00102265,0.00028123,0.0185036,-0.00340352,0.00407464,0.00221582,0.00108113,0.00492118,-0.00507234,0.0178289,0.00314164,0.631079,0.775069,0.0317489,0.772997,-0.631763,0.0578912,0.0649275,-0.0119921,-0.997818,0.126752,0.34295,-0.629575,
0.0100634,0.00391222,-0.0653933,0.000222,0.002854,0.001201,0.264089,-1.80958,-2.02832,-1.64314,-1.88845,-1.04236,-0.00200696,0.00102265,0.00028123,-0.0150043,-0.00239685,0.00407464,-0.00129476,0.000379567,-0.00283339,0.00297411,-0.0147066,0.00244176,0.63111,0.775031,0.0320525,0.772946,-0.631813,0.0580294,0.0652257,-0.0118481,-0.9978,0.126847,0.342978,-0.629519,
-0.0300304,-0.0393814,-0.124951,0.004111,-0.00092,0.000245,0.264089,-1.80956,-2.02832,-1.64305,-1.88845,-1.0424,-0.00163625,-0.00213479,0.00028123,0.00222907,-0.00184557,-0.00565655,-0.000373651,0.000520539,-0.000788464,0.00432722,0.00338932,-0.00421661,0.63105,0.775084,0.0319566,0.773003,-0.631747,0.0579926,0.0651376,-0.0118937,-0.997805,0.126818,0.342971,-0.629532,
0.0187608,-0.0261794,-0.167095,0.003591,0.001424,0.000858,0.2641,-1.80954,-2.02832,-1.64301,-1.88845,-1.04239,-0.0012144,-0.00213479,0.00028123,0.00222907,-0.00148604,-0.00517719,-0.000357568,0.000336014,-0.000768279,0.00381105,0.0030947,-0.00371754,0.631053,0.775084,0.0319043,0.773005,-0.631746,0.0579636,0.065082,-0.0119159,-0.997809,0.126798,0.34296,-0.629545,
0.019116,0.00584053,-0.0622773,0.000897,0.000492,0.00035,0.2641,-1.80952,-2.02832,-1.64305,-1.88849,-1.04243,-0.000958738,-0.00175129,0.00028123,0.00304399,-0.00127033,-0.00313987,-0.000166411,0.000272712,-0.000322838,0.00221603,0.00324576,-0.00222027,0.631028,0.775103,0.0319277,0.773026,-0.631724,0.0579343,0.0650745,-0.0118772,-0.99781,0.126795,0.34295,-0.629549,
0.00159402,0.0506452,-0.0828076,-0.001084,-0.001462,0.000515,0.264089,-1.80952,-2.02829,-1.64307,-1.88848,-1.04243,-0.000792557,-0.00126553,0.00028123,0.00304399,-0.00107858,-0.00225303,-4.09104e-05,0.000244586,-3.82555e-06,0.00146327,0.00325838,-0.00158168,0.631021,0.775108,0.0319225,0.77303,-0.631716,0.057954,0.0650866,-0.0118931,-0.997809,0.126789,0.342962,-0.629555,
-0.0106718,0.0418716,-0.0414741,-0.001479,-0.001183,0.000354,0.264065,-1.80958,-2.02832,-1.64305,-1.88848,-1.04247,-0.000677508,-0.000997088,0.00028123,0.00304399,-0.000958738,-0.00177367,3.00088e-05,0.000217622,0.000173261,0.00104368,0.00326785,-0.00122241,0.630993,0.775129,0.0319752,0.773048,-0.631691,0.057992,0.0651498,-0.0118742,-0.997805,0.126822,0.34298,-0.629523,
0.0161132,-0.00452544,-0.040523,0.001148,-0.000836,-5.5e-05,0.2641,-1.80949,-2.02832,-1.64305,-1.88847,-1.04247,-0.000588026,-0.000818123,0.00028123,0.00258859,-0.000862864,-0.00143811,3.10652e-05,0.00018266,0.000186045,0.000862634,0.00282399,-0.000970536,0.630995,0.775131,0.031898,0.773054,-0.631688,0.0579484,0.0650672,-0.0119063,-0.99781,0.126778,0.342953,-0.629555,
0.0655721,-0.0238732,-0.144453,0.003001,0.002625,0.000492,0.264065,-1.80954,-2.02832,-1.64302,-1.88848,-1.04242,-0.00052411,-0.000703075,0.00028123,0.00194144,-0.00076699,-0.00122239,-7.21707e-06,0.000153884,0.000113566,0.00081517,0.00219011,-0.000825886,0.631018,0.775111,0.031922,0.773032,-0.631712,0.0579716,0.0651,-0.0119044,-0.997808,0.126794,0.342974,-0.629536,
0.0467724,-0.000295093,-0.0799962,0.001206,0.001636,-0.000281,0.264065,-1.80954,-2.02828,-1.64307,-1.88847,-1.04243,-0.000472977,-0.000600809,0.00028123,0.00155795,-0.000695085,-0.00105461,-2.10761e-05,0.000134219,9.31003e-05,0.000745415,0.00182562,-0.000710129,0.631011,0.775117,0.0319282,0.773036,-0.631706,0.0579868,0.0651158,-0.0119086,-0.997807,0.126794,0.342982,-0.629547,
0.0302421,0.0243656,-0.121589,-0.000914,0.000428,7.6e-05,0.2641,-1.8095,-2.02828,-1.64307,-1.88847,-1.04242,-0.000421845,-0.000536893,0.00028123,0.00131826,-0.000647148,-0.00093477,-2.74747e-05,0.000110665,8.04768e-05,0.000691342,0.00159018,-0.000610504,0.631032,0.775101,0.031898,0.773023,-0.631725,0.0579484,0.0650667,-0.0119094,-0.99781,0.126781,0.342958,-0.629566,
0.0286199,0.045828,-0.059933,-0.000762,-0.000697,-7.1e-05,0.264077,-1.80953,-2.02829,-1.64305,-1.88845,-1.04244,-0.000396278,-0.000485761,0.00028123,0.00112652,-0.000599211,-0.000838896,-3.57669e-05,0.00010341,7.09166e-05,0.000641528,0.00139999,-0.000552765,0.631003,0.775124,0.0319029,0.773045,-0.631696,0.0579809,0.0650953,-0.0119237,-0.997808,0.126786,0.342975,-0.629551,
0.0100474,0.0237791,-0.040073,-0.00028,-0.001348,-5.9e-05,0.264065,-1.80952,-2.02828,-1.64305,-1.88845,-1.04242,-0.000357929,-0.000434628,0.00028123,0.000982706,-0.000551274,-0.000743022,-3.74692e-05,8.95335e-05,7.25292e-05,0.000579169,0.00125609,-0.000482273,0.63101,0.77512,0.0318817,0.77304,-0.631702,0.0579817,0.0650824,-0.0119411,-0.997808,0.126773,0.34298,-0.629556,
0.0366573,0.0160731,-0.143807,0.000334,-1.6e-05,0.000465,0.264065,-1.80954,-2.02832,-1.64308,-1.88849,-1.04243,-0.000332363,-0.000396278,0.00028123,0.000886833,-0.000503337,-0.000695085,-3.93514e-05,8.40142e-05,7.72101e-05,0.000534266,0.00116888,-0.000457198,0.631021,0.775106,0.031979,0.773025,-0.63172,0.0579808,0.065143,-0.0118665,-0.997805,0.126809,0.342974,-0.62953,
0.0361397,0.0124103,-0.0603647,0.000631,0.000958,-5.7e-05,0.264041,-1.80956,-2.02834,-1.64308,-1.88849,-1.0424,-0.000332363,-0.000370712,0.000268447,0.000790959,-0.000479369,-0.00062318,-4.34256e-05,8.88107e-05,6.56043e-05,0.000499377,0.00105008,-0.000424715,0.631037,0.775092,0.0320203,0.773008,-0.631738,0.0580145,0.0651949,-0.0118573,-0.997802,0.126825,0.342989,-0.629506,
0.0386762,0.0120053,-0.0805003,0.000304,0.001134,-7.8e-05,0.264053,-1.8095,-2.02831,-1.64307,-1.88847,-1.04244,-0.000332363,-0.000332363,0.000255663,0.000719053,-0.000455401,-0.000575243,-4.17734e-05,9.51493e-05,6.76947e-05,0.000468174,0.000978126,-0.000408719,0.630992,0.775132,0.0319172,0.773052,-0.631687,0.0579915,0.0651127,-0.0119185,-0.997807,0.126776,0.342982,-0.629544,
0.017181,0.0533242,-0.0810304,-0.001047,-0.000413,0.000112,0.264029,-1.80953,-2.02831,-1.64302,-1.88848,-1.04245,-0.00195583,0.000319579,0.00024288,0.000647148,-0.000455401,-0.000551274,-9.9798e-05,0.00114665,0.000457803,0.000306833,0.00151436,-0.00201583,0.630965,0.775155,0.0318994,0.773075,-0.631658,0.0579897,0.0651005,-0.0119288,-0.997807,0.126775,0.342993,-0.629536,
-0.0102586,0.0459281,-0.0593057,-0.001766,-0.002144,-0.000302,0.264029,-1.80949,-2.02831,-1.64306,-1.8885,-1.04248,-0.00313188,0.000319579,0.000230097,0.000599211,-0.000455401,-0.000503337,-0.000262351,0.00187576,0.000439798,0.000296027,0.00143304,-0.00315913,0.630947,0.77517,0.0319081,0.773091,-0.631641,0.057967,0.0650888,-0.0119062,-0.997808,0.126763,0.342984,-0.629543,
-0.0160245,0.0311864,-0.123734,-0.000906,-0.002701,0.000452,0.263981,-1.80947,-2.02831,-1.64302,-1.8885,-1.04247,-0.00313188,0.00209644,0.000217314,0.000551274,-0.000455401,-0.000479369,0.000191647,0.00199843,0.0015493,-0.000165013,0.00307836,-0.0031428,0.630917,0.775196,0.031853,0.773117,-0.631607,0.0579815,0.0650656,-0.0119554,-0.997809,0.126729,0.343005,-0.629542,
-0.0304808,-0.00211693,-0.0606728,0.001137,-0.003199,-0.000321,0.263957,-1.80948,-2.02828,-1.64307,-1.88854,-1.04244,-0.00403948,0.00209644,0.000204531,0.000527306,-0.000455401,-0.000455401,6.79593e-05,0.00256161,0.00153691,-0.000168681,0.00303154,-0.00403401,0.630931,0.775183,0.0318965,0.773104,-0.631624,0.0579778,0.06509,-0.0119206,-0.997808,0.126737,0.343015,-0.629539,
-0.0155549,-0.0406524,-0.0832091,0.003475,-0.002572,7.8e-05,0.263933,-1.80944,-2.02829,-1.64302,-1.88853,-1.04245,-0.00366877,0.00208366,0.000191748,0.000479369,-0.00167779,-0.000431432,0.000251822,0.00206683,0.00144211,0.000685763,0.00317853,-0.00279745,0.630892,0.775217,0.0318275,0.773139,-0.631581,0.0579818,0.0650502,-0.0119732,-0.99781,0.126701,0.343022,-0.629543,
0.00102171,-0.0839815,-0.0830144,0.005467,-0.001,-0.000115,0.263933,-1.8094,-2.02832,-1.64306,-1.88855,-1.04248,-0.002889,0.00204531,0.000191748,0.000455401,-0.00167779,-0.000407464,0.000345258,0.00157949,0.00141216,0.000688684,0.00310702,-0.00200129,0.630877,0.775229,0.0318471,0.773151,-0.631567,0.0579638,0.0650488,-0.0119454,-0.997811,0.126689,0.343011,-0.629542,
0.00977709,-0.0936844,-0.0418489,0.006382,-0.000877,-0.000273,0.263909,-1.80941,-2.02827,-1.64308,-1.88855,-1.04244,-0.00178964,0.00204531,0.000178964,0.000431432,-0.00167779,-0.000383495,0.000493719,0.000897012,0.00139977,0.000685032,0.00306017,-0.000885582,0.630889,0.775219,0.0318351,0.773141,-0.631579,0.0579768,0.0650511,-0.0119639,-0.99781,0.126682,0.34303,-0.629553,
-0.00359811,-0.0567358,-0.125465,0.004022,-0.001139,0.000461,0.263933,-1.80937,-2.02828,-1.64307,-1.88856,-1.04242,-0.0012911,0.0015979,0.000178964,0.000407464,-0.00167779,-0.000359527,0.000443819,0.00055583,0.00111025,0.000794641,0.00259378,-0.000370718,0.630913,0.775201,0.0318087,0.773126,-0.631601,0.0579363,0.0650027,-0.0119607,-0.997813,0.126668,0.343008,-0.629564,
-0.0211095,-0.015497,-0.0421744,0.002023,-0.002321,0.000128,0.263897,-1.80937,-2.02834,-1.64305,-1.8886,-1.04244,-0.00100987,0.00118884,0.000166181,0.000383495,-0.00167779,-0.000335558,0.000376087,0.000352649,0.000838245,0.000897662,0.00215202,-7.30619e-05,0.630884,0.775223,0.031852,0.773147,-0.631575,0.0579406,0.0650338,-0.0119275,-0.997812,0.126674,0.343013,-0.629531,
-0.00662955,0.015912,-0.0825968,-2.7e-05,-0.001435,0.000304,0.263921,-1.80938,-2.02829,-1.64307,-1.88857,-1.04239,-0.000830906,0.000945955,0.000166181,0.000359527,-0.00155795,-0.000335558,0.000321752,0.000249838,0.000685297,0.000884049,0.00187195,2.25978e-05,0.63093,0.775186,0.0318332,0.77311,-0.63162,0.0579419,0.0650222,-0.0119467,-0.997812,0.126676,0.343012,-0.629553,
0.00434218,0.00340854,-0.102208,0.000548,-0.000757,8e-05,0.263921,-1.8094,-2.02831,-1.64307,-1.88857,-1.04242,-0.000703075,0.000920388,0.000153398,0.000359527,-0.00131826,-0.00031159,0.000306889,0.000220763,0.000675713,0.000714337,0.0017786,2.59344e-07,0.630917,0.775196,0.0318552,0.773119,-0.631608,0.0579503,0.0650428,-0.011934,-0.997811,0.126688,0.343013,-0.629543,
0.00728168,-0.0213743,-0.0622066,0.002328,-0.001182,0.000122,0.263909,-1.8094,-2.02831,-1.64302,-1.88859,-1.04242,-0.000613592,0.000920388,0.000153398,0.000335558,-0.00122239,-0.00031159,0.000305641,0.000185188,0.000675497,0.000654088,0.00173749,2.30609e-05,0.630901,0.775211,0.0318169,0.773136,-0.63159,0.057931,0.065004,-0.0119499,-0.997813,0.126675,0.343014,-0.629546,
0.0124009,-0.0486638,-0.0853439,0.003764,-0.001056,0.000724,0.263897,-1.80937,-2.02827,-1.64305,-1.8886,-1.04244,-0.000536893,0.000920388,0.000140615,0.000335558,-0.00122239,7.19053e-05,0.000317878,0.000138078,0.000668665,0.000444335,0.00154343,0.000361681,0.630868,0.775239,0.0317882,0.773165,-0.631555,0.0579161,0.0649748,-0.0119599,-0.997815,0.126653,0.343018,-0.629564,
0.0148843,-0.0300307,-0.0413841,0.003254,-0.001441,-6.3e-05,0.263909,-1.80937,-2.02832,-1.64307,-1.88862,-1.04238,-0.000485761,0.000920388,0.000140615,0.00031159,-0.00122239,7.19053e-05,0.000322347,0.00010568,0.000663074,0.000450507,0.00152028,0.000412873,0.630937,0.77518,0.0318611,0.773105,-0.631628,0.0579097,0.0650148,-0.0119054,-0.997813,0.126678,0.343004,-0.629543,
0.0244155,0.0288231,-0.0610171,-0.000236,-0.000686,0.000136,0.263909,-1.80935,-2.02829,-1.64306,-1.88865,-1.04237,-0.000434628,0.000920388,0.000140615,0.000287621,-0.00122239,7.19053e-05,0.000326882,7.32971e-05,0.000657472,0.000456812,0.00149715,0.000463955,0.630933,0.775184,0.0318164,0.773113,-0.631623,0.057867,0.0649536,-0.0119125,-0.997817,0.126655,0.342996,-0.629562,
0.0322159,0.0415341,-0.0597452,-0.00144,0.000421,-5.9e-05,0.263957,-1.8094,-2.02831,-1.64307,-1.88861,-1.04238,-0.000396278,0.000792557,0.000127832,0.000287621,-0.00122239,7.19053e-05,0.000300969,4.1106e-05,0.000569558,0.000493364,0.00136141,0.000502365,0.630965,0.775156,0.0318697,0.773083,-0.631658,0.0578904,0.0650048,-0.0118889,-0.997814,0.1267,0.342985,-0.629553,
0.0431093,0.0249561,-0.0591452,-0.000573,0.002064,-0.000251,0.263921,-1.80936,-2.02829,-1.64307,-1.8886,-1.04238,-0.000370712,0.000677508,0.000127832,0.000287621,-0.00122239,7.19053e-05,0.000274871,1.72338e-05,0.00049655,0.000523467,0.00125034,0.000527892,0.630935,0.775183,0.0318208,0.773109,-0.631624,0.0579111,0.0649905,-0.0119372,-0.997814,0.126664,0.343003,-0.62956,
0.0337167,0.00866697,-0.12383,0.000928,0.001533,0.0005,0.263885,-1.80938,-2.02831,-1.64302,-1.88861,-1.04236,-0.000345146,0.000588026,0.000127832,0.000263653,-0.00122239,7.19053e-05,0.000252884,-5.52002e-06,0.000434178,0.000553113,0.0011408,0.000553448,0.630932,0.775186,0.0318136,0.773111,-0.63162,0.057922,0.0649944,-0.0119494,-0.997814,0.126664,0.343019,-0.629544,
0.0255328,-0.0176334,-0.0602287,0.001724,-0.000158,-0.000278,0.263933,-1.80937,-2.02831,-1.64308,-1.88862,-1.04232,-0.000319579,0.00052411,0.000115049,0.000263653,-0.00107858,7.19053e-05,0.000225269,5.60395e-06,0.000394877,0.000473202,0.0010398,0.00047911,0.630996,0.775132,0.031862,0.773058,-0.631688,0.0578925,0.0650012,-0.0118987,-0.997814,0.126683,0.342993,-0.629553,
0.00971865,-0.00848299,-0.0410205,0.002093,-0.000227,-5.3e-05,0.263897,-1.8094,-2.02829,-1.64302,-1.88857,-1.0423,-0.000294013,0.000472977,0.000115049,0.000239685,-0.00093477,0.00127033,0.000196711,1.64496e-05,0.00036493,-0.000273029,0.000372466,0.00122332,0.630984,0.775144,0.031801,0.773068,-0.631671,0.0579471,0.0650051,-0.0119794,-0.997813,0.126667,0.343024,-0.629548,
0.012142,-0.00353061,-0.0407443,0.001487,-0.001394,-6.1e-05,0.263885,-1.80934,-2.02829,-1.64305,-1.88863,-1.04238,-0.00028123,0.000421845,0.000115049,0.000239685,-0.000838896,0.00127033,0.000174347,2.55867e-05,0.000337851,-0.000326155,0.000305072,0.00116946,0.630906,0.775208,0.0317901,0.773136,-0.631593,0.0578875,0.0649532,-0.0119435,-0.997817,0.126639,0.34301,-0.629561,
-0.0131372,0.0137415,-0.0401154,0.000934,-0.0012,-0.000275,0.263909,-1.80934,-2.02832,-1.64305,-1.88861,-1.04232,-0.000255663,0.000396278,0.000115049,0.000239685,-0.00076699,0.00127033,0.000163006,2.34088e-05,0.000325673,-0.000369457,0.000266912,0.00114506,0.63097,0.775155,0.031804,0.773082,-0.631658,0.0579005,0.0649711,-0.0119464,-0.997816,0.126649,0.343001,-0.629555,
0.012622,-0.00486968,-0.0837055,0.00147,-0.001021,0.000519,0.263861,-1.80938,-2.02831,-1.64306,-1.8886,-1.04231,-0.00024288,0.000357929,0.000102265,0.000215716,-0.000695085,0.00215716,0.000146019,2.81012e-05,0.000292975,-0.000892755,-0.000239277,0.00171361,0.630963,0.775159,0.0318399,0.773082,-0.631653,0.0579628,0.0650422,-0.0119575,-0.997811,0.126665,0.343037,-0.629534,
0.0216642,-0.0150864,-0.0401571,0.002389,-0.000893,-0.000263,0.263885,-1.80935,-2.02832,-1.64307,-1.88863,-1.04229,-0.00024288,0.000332363,0.000102265,0.000215716,-0.000647148,0.00215716,0.000133967,3.66398e-05,0.000279436,-0.000919299,-0.000273031,0.00168029,0.630993,0.775135,0.0318433,0.773061,-0.631683,0.0579079,0.0650013,-0.0119227,-0.997814,0.126658,0.343011,-0.629544,
0.0068791,-0.00498607,-0.0614543,0.002443,-0.001168,-8.6e-05,0.263897,-1.80934,-2.02829,-1.64307,-1.88861,-1.04226,-0.00024288,0.000306796,0.000102265,0.000215716,-0.000599211,0.00215716,0.000121917,4.51772e-05,0.000265908,-0.00094586,-0.000306653,0.00164702,0.631009,0.775123,0.0318031,0.773049,-0.631697,0.0579091,0.0649766,-0.0119558,-0.997815,0.126645,0.34301,-0.629561,
0.00780302,-0.00243275,-0.0613364,0.00214,-0.001752,-9e-05,0.263897,-1.80934,-2.02831,-1.64306,-1.88861,-1.04225,-0.00024288,0.000294013,0.000102265,0.000215716,-0.000551274,0.00215716,0.000113146,5.45987e-05,0.000260489,-0.000975804,-0.000327985,0.00161371,0.631019,0.775115,0.0318035,0.773042,-0.631707,0.0579093,0.0649768,-0.0119564,-0.997815,0.126646,0.343009,-0.629556,
-0.0090553,-0.0085698,-0.0608862,0.00241,-0.002212,-0.000308,0.263897,-1.80934,-2.02828,-1.64306,-1.88861,-1.04229,-0.00024288,0.00028123,0.000102265,0.000191748,-0.000503337,0.00194144,0.000101951,6.33671e-05,0.000249484,-0.000879571,-0.000270226,0.00143307,0.630986,0.775143,0.0317824,0.77307,-0.631673,0.0579011,0.0649577,-0.0119648,-0.997816,0.126639,0.34301,-0.629568,
-0.0108687,-0.0244918,-0.104747,0.002617,-0.002411,0.000475,0.263909,-1.80934,-2.02827,-1.64306,-1.88863,-1.04225,-0.00024288,0.00028123,8.94822e-05,0.000191748,-0.000479369,0.00155795,0.000101019,6.9014e-05,0.000244001,-0.000679716,-0.000105376,0.00115445,0.631018,0.775117,0.0317805,0.773046,-0.631705,0.057866,0.0649288,-0.0119467,-0.997818,0.12664,0.342999,-0.629577,
-0.0120283,-0.0226007,-0.0618372,0.002634,-0.002785,-0.000105,0.263921,-1.80935,-2.02829,-1.64302,-1.88861,-1.04226,-0.00024288,0.00028123,8.94822e-05,0.000191748,-0.000455401,0.00131826,9.8274e-05,7.41681e-05,0.000245348,-0.000563173,3.7305e-06,0.000974079,0.631015,0.77512,0.0317724,0.773049,-0.631701,0.0578797,0.0649344,-0.0119614,-0.997818,0.126647,0.342997,-0.629568,
-0.00901881,-0.00852852,-0.0632414,0.002406,-0.002217,0.000317,0.263921,-1.80932,-2.02829,-1.64307,-1.88866,-1.04224,-0.00024288,0.00028123,8.94822e-05,0.000191748,-0.000431432,0.00112652,9.55327e-05,7.93243e-05,0.000246691,-0.000473254,9.00444e-05,0.000826419,0.631039,0.775099,0.0318107,0.773029,-0.631728,0.0578434,0.06493,-0.0119109,-0.997819,0.126648,0.342985,-0.629571,
-0.00661161,0.00615278,-0.0623349,0.002182,-0.001644,0.000114,0.263921,-1.80936,-2.02829,-1.6431,-1.88859,-1.04224,-0.00024288,0.00028123,8.94822e-05,0.000191748,-0.000407464,0.000982706,9.27816e-05,8.44786e-05,0.00024805,-0.000410061,0.000153748,0.000711525,0.631051,0.775088,0.0318377,0.773012,-0.63174,0.0579304,0.0650143,-0.0119461,-0.997813,0.126668,0.343007,-0.629557,
0.00197496,0.0219757,-0.0406562,0.001003,-0.001298,-6.3e-05,0.263885,-1.80935,-2.02831,-1.6431,-1.88857,-1.04224,-0.00024288,0.00028123,8.94822e-05,0.000167779,-0.000383495,0.000886833,8.76155e-05,8.89734e-05,0.000243809,-0.000367161,0.000171567,0.000629383,0.631031,0.775104,0.0318322,0.773026,-0.63172,0.057968,0.0650402,-0.0119725,-0.997811,0.126655,0.343027,-0.629546,
0.00705346,0.0189874,-0.123907,0.000332,-0.000571,0.000475,0.263909,-1.80935,-2.02831,-1.6431,-1.88859,-1.04224,-0.00024288,0.00028123,8.94822e-05,0.000167779,-0.000359527,0.000790959,8.4872e-05,9.41312e-05,0.000245155,-0.000330511,0.000212483,0.000547238,0.631044,0.775093,0.0318376,0.773017,-0.631734,0.057939,0.065021,-0.011951,-0.997812,0.126662,0.343011,-0.629552,
0.0203426,0.0111881,-0.0597278,0.000295,-0.00067,-0.000282,0.263873,-1.80934,-2.02829,-1.64306,-1.88866,-1.04223,-0.00024288,0.00028123,8.94822e-05,0.000167779,-0.000359527,0.000719053,8.48825e-05,9.41299e-05,0.000245144,-0.000290471,0.000246533,0.000498124,0.631022,0.775112,0.0318087,0.773041,-0.631711,0.0578781,0.0649559,-0.0119329,-0.997817,0.126641,0.343011,-0.629557,
0.00410465,0.018198,-0.0811709,0.000652,-0.000361,-0.000102,0.263921,-1.80934,-2.02828,-1.64307,-1.88862,-1.04224,-0.00024288,0.00028123,-0,0.000167779,-0.000335558,0.000647148,9.47947e-05,0.00010271,0.000198703,-0.000243831,0.000189736,0.000432357,0.631039,0.7751,0.0317982,0.773028,-0.631726,0.0578769,0.0649481,-0.0119417,-0.997817,0.126648,0.342996,-0.629572,
0.00440765,0.000212392,-0.0616533,0.000525,7e-06,0.000134,0.263885,-1.80936,-2.02828,-1.64305,-1.88867,-1.04225,-0.00024288,0.00028123,-0,0.000167779,-0.00031159,0.000599211,9.2053e-05,0.000107862,0.000200047,-0.000233809,0.00020794,0.00038295,0.631011,0.775122,0.0318139,0.773051,-0.6317,0.0578584,0.0649441,-0.0119155,-0.997818,0.126653,0.343005,-0.62956,
0.00603353,0.0180464,-0.0404424,0.000326,-0.000181,-5.1e-05,0.263897,-1.80934,-2.02831,-1.64306,-1.88862,-1.04226,-0.00024288,0.00028123,-0,0.000167779,-0.00031159,0.000551274,9.20535e-05,0.000107861,0.000200048,-0.000207191,0.000230676,0.00035021,0.63101,0.775123,0.0318078,0.773049,-0.631698,0.0578982,0.0649711,-0.0119453,-0.997816,0.126647,0.343006,-0.629557,
0.0195676,0.0246311,-0.124675,0.000703,-8.6e-05,0.00069,0.263909,-1.80932,-2.02828,-1.64306,-1.88862,-1.04226,-0.00024288,0.00028123,-0,0.000143811,-0.000287621,0.000527306,8.68879e-05,0.000112363,0.000195807,-0.00020424,0.000214402,0.000317187,0.631009,0.775125,0.0317766,0.773053,-0.631695,0.0578772,0.0649352,-0.011956,-0.997818,0.126635,0.343,-0.629574,
0.0198492,0.00950843,-0.0394835,0.000283,-0.000288,-0.000255,0.263897,-1.80935,-2.02831,-1.64306,-1.88861,-1.04225,-0.00024288,0.00028123,-0,0.000143811,-0.000287621,0.000479369,8.68811e-05,0.000112361,0.00019581,-0.000177625,0.000237119,0.000284437,0.631021,0.775113,0.031814,0.773039,-0.63171,0.0579133,0.0649866,-0.0119511,-0.997815,0.126653,0.34301,-0.629553,
0.0193212,0.0246381,-0.061427,0.000709,-7.7e-05,0.000137,0.263885,-1.80932,-2.02828,-1.6431,-1.88866,-1.04225,-0.00024288,0.00028123,-0,0.000143811,-0.000263653,0.000455401,8.41452e-05,0.000117517,0.000197153,-0.000180924,0.000243966,0.000251405,0.631013,0.775119,0.0318202,0.773048,-0.631702,0.0578735,0.0649598,-0.0119204,-0.997817,0.126641,0.343006,-0.629565,
0.0317067,-0.00230833,-0.0614028,0.000854,0.000385,0.000146,0.263885,-1.80932,-2.02831,-1.64306,-1.88863,-1.04225,-0.00024288,0.00028123,-0,0.000143811,-0.000263653,0.000431432,8.41456e-05,0.000117515,0.000197152,-0.000167603,0.000255335,0.000235037,0.63101,0.775123,0.031801,0.77305,-0.631698,0.0578917,0.0649618,-0.0119465,-0.997816,0.126638,0.343008,-0.629557,
0.0297996,0.0141807,-0.040445,0.001296,0.000222,-4.2e-05,0.263873,-1.8093,-2.02828,-1.64307,-1.88866,-1.04223,-0.00024288,0.00028123,-0,0.000143811,-0.000263653,0.000407464,8.41537e-05,0.000117515,0.000197149,-0.000154258,0.000266691,0.000218665,0.631014,0.77512,0.031777,0.773049,-0.631701,0.0578659,0.0649266,-0.011949,-0.997819,0.126618,0.343008,-0.629571,
0.0257551,-0.00133666,-0.125056,0.001829,-0.000157,0.00069,0.263897,-1.80934,-2.02828,-1.64306,-1.88866,-1.04225,-0.000230097,0.00028123,-0,0.000143811,-0.000239685,0.000407464,8.31364e-05,0.000114739,0.000198499,-0.000170915,0.000262188,0.000214791,0.631014,0.775119,0.0317996,0.773049,-0.631703,0.0578567,0.0649337,-0.0119258,-0.997818,0.126643,0.342999,-0.629568,
0.022902,-0.0168743,-0.0401044,0.002051,-0.000335,-0.000257,0.263885,-1.80931,-2.02832,-1.64308,-1.88865,-1.04221,-0.000217314,0.000268447,-0,0.000143811,-0.000239685,0.000407464,8.15801e-05,0.000105913,0.000190387,-0.000167595,0.00024985,0.000227571,0.631043,0.775094,0.0318264,0.773022,-0.631733,0.0578887,0.064975,-0.0119278,-0.997816,0.12664,0.343004,-0.629553,
0.00492622,-0.0225915,-0.0826901,0.002643,-0.00098,9.9e-05,0.263909,-1.80934,-2.02829,-1.64305,-1.88861,-1.04224,-0.000204531,0.000255663,-0,0.000143811,-0.000239685,0.000407464,8.00255e-05,9.7095e-05,0.000182279,-0.000164257,0.000237522,0.000240361,0.631029,0.775108,0.0317824,0.773035,-0.631716,0.0578922,0.0649502,-0.0119628,-0.997817,0.126642,0.343002,-0.629566,
0.017784,-0.0276543,-0.0614411,0.002624,-0.001848,-8.8e-05,0.263897,-1.80931,-2.02827,-1.64305,-1.88865,-1.04225,-0.000204531,0.00024288,-0,0.000119842,-0.000215716,0.000407464,7.15741e-05,0.000100706,0.000169924,-0.000171281,0.000197541,0.000223708,0.631004,0.77513,0.0317526,0.77306,-0.631689,0.0578514,0.0649001,-0.0119578,-0.99782,0.126621,0.342999,-0.629582,
0.00243946,-0.0340727,-0.0202869,0.002568,-0.002128,-0.000255,0.263861,-1.80935,-2.02831,-1.64306,-1.88863,-1.04221,-0.000191748,0.000230097,-0,0.000119842,-0.000215716,0.000407464,7.00106e-05,9.18791e-05,0.000161816,-0.000167977,0.000185202,0.000236482,0.63103,0.775105,0.0318212,0.773031,-0.631719,0.0579173,0.064994,-0.0119488,-0.997814,0.126646,0.343024,-0.629545,
-0.0100437,-0.0259446,-0.0844191,0.002605,-0.002029,0.000502,0.263897,-1.80931,-2.02831,-1.64301,-1.88863,-1.04221,-0.000178964,0.000217314,-0,0.000119842,-0.000215716,0.000407464,6.84612e-05,8.30591e-05,0.0001537,-0.000164614,0.000172864,0.000249275,0.631032,0.775107,0.0317487,0.773037,-0.631717,0.0578627,0.064906,-0.0119703,-0.99782,0.126622,0.342997,-0.629568,
0.00254867,-0.0179413,-0.0194992,0.002683,-0.002114,-0.000464,0.263873,-1.8093,-2.02828,-1.64305,-1.88866,-1.0422,-0.000178964,0.000204531,-0,0.000119842,-0.000215716,0.000407464,6.51763e-05,8.21704e-05,0.000145589,-0.000161271,0.000160519,0.000249273,0.631028,0.77511,0.0317559,0.77304,-0.631713,0.0578578,0.0649068,-0.0119613,-0.99782,0.126612,0.343007,-0.629574,
0.00537901,-0.0200425,-0.0826028,0.00234,-0.001564,9.5e-05,0.263885,-1.80932,-2.02828,-1.64307,-1.88867,-1.04224,-0.000166181,0.000191748,-0,0.000119842,-0.000215716,0.000407464,6.36142e-05,7.33492e-05,0.00013748,-0.000157957,0.000148167,0.00026205,0.631017,0.775117,0.0318034,0.773046,-0.631706,0.0578543,0.0649342,-0.0119216,-0.997818,0.126637,0.343002,-0.629568,
0.0081305,-0.00547787,-0.0816726,0.002116,-0.000991,-0.000108,0.263873,-1.80935,-2.02828,-1.64306,-1.88862,-1.0422,-0.000166181,0.000191748,-0,0.000119842,-0.000215716,0.000407464,6.36135e-05,7.33485e-05,0.000137484,-0.000157969,0.000148184,0.000262053,0.631041,0.775098,0.0317962,0.773024,-0.631728,0.0579115,0.0649737,-0.0119653,-0.997815,0.126641,0.343022,-0.629558,
0.00777175,-0.00253449,-0.0613372,0.00214,-0.001752,-9e-05,0.263921,-1.8093,-2.02831,-1.64308,-1.88862,-1.04225,-0.000153398,0.000178964,-0,0.000119842,-0.000215716,0.000407464,6.20576e-05,6.45276e-05,0.00012937,-0.000154641,0.000135836,0.000274836,0.631029,0.775107,0.0317978,0.773036,-0.631717,0.0578767,0.0649479,-0.0119411,-0.997817,0.126636,0.34299,-0.62957,
0.00790697,-0.00234156,-0.124595,0.002135,-0.00176,0.000463,0.263873,-1.80937,-2.02827,-1.64308,-1.88862,-1.04223,-0.000153398,0.000178964,-0,0.000119842,-0.000215716,0.000407464,6.20545e-05,6.45269e-05,0.000129375,-0.000154649,0.00013584,0.000274832,0.631029,0.775106,0.0318275,0.773031,-0.631719,0.0579235,0.0650029,-0.0119478,-0.997814,0.126658,0.343027,-0.629555,
-0.00430883,-0.0109481,-0.0199959,0.001746,-0.001473,-0.000251,0.263885,-1.80931,-2.02829,-1.64307,-1.88862,-1.04225,-0.000140615,0.000166181,-0,0.000119842,-0.000215716,0.000407464,6.05045e-05,5.57038e-05,0.000121259,-0.000151297,0.000123502,0.00028762,0.631007,0.775126,0.0317858,0.773053,-0.631694,0.0578986,0.0649576,-0.0119624,-0.997816,0.126628,0.343011,-0.629565,
-0.00271547,0.00637791,-0.0620449,0.001541,-0.001669,0.000116,0.263873,-1.80929,-2.02826,-1.64307,-1.88863,-1.04221,-0.000140615,0.000166181,-0,0.000119842,-0.000215716,0.000407464,6.05115e-05,5.57048e-05,0.000121257,-0.000151268,0.000123507,0.000287626,0.631016,0.77512,0.0317364,0.77305,-0.6317,0.0578758,0.0649085,-0.0119867,-0.997819,0.126601,0.343014,-0.629586,
0.0160702,0.0263826,-0.0616102,0.001047,-0.000636,0.000131,0.263885,-1.80931,-2.02827,-1.64308,-1.88866,-1.04225,-0.000140615,0.000153398,-0,0.000119842,-0.000215716,0.000407464,5.7217e-05,5.48166e-05,0.000113147,-0.000147951,0.000111151,0.000287618,0.631005,0.775127,0.0317881,0.773057,-0.631693,0.0578612,0.0649301,-0.0119367,-0.997818,0.126627,0.343005,-0.629575,
0.020335,0.0260777,-0.0410336,0.000394,-0.000279,0.000161,0.263885,-1.80932,-2.02825,-1.64308,-1.88863,-1.04223,-0.000127832,0.000153398,-0,9.58738e-05,-0.000215716,0.000407464,5.65213e-05,4.62273e-05,0.000107562,-0.000141699,8.80215e-05,0.000300405,0.631021,0.775115,0.0317689,0.773044,-0.631707,0.0578794,0.0649318,-0.0119643,-0.997818,0.126626,0.343013,-0.629583,
0.0232218,0.039848,-0.103349,0.000165,0.000285,0.000511,0.263861,-1.80931,-2.02828,-1.64308,-1.88867,-1.04219,-0.000127832,0.000140615,-0,9.58738e-05,-0.000215716,0.000407464,5.32318e-05,4.53362e-05,9.94483e-05,-0.000138366,7.56689e-05,0.000300399,0.631041,0.775097,0.0318024,0.773026,-0.63173,0.0578718,0.0649467,-0.0119354,-0.997817,0.126626,0.343014,-0.629564,
0.0249437,0.0397238,-0.060276,-0.000156,0.00047,-6.3e-05,0.263873,-1.80932,-2.02828,-1.64307,-1.88867,-1.04225,-0.000127832,0.000140615,-0,9.58738e-05,-0.000215716,0.000407464,5.32306e-05,4.53369e-05,9.94486e-05,-0.000138367,7.56672e-05,0.000300399,0.631001,0.77513,0.0318029,0.773059,-0.63169,0.057863,0.0649409,-0.0119262,-0.997818,0.126634,0.343008,-0.629565,
0.0212368,0.0227767,-0.0613283,0.00037,0.000481,0.000143,0.263873,-1.80931,-2.02828,-1.64307,-1.88862,-1.04223,-0.000115049,0.000140615,-0,9.58738e-05,-0.000215716,0.000407464,5.4965e-05,3.74027e-05,9.94503e-05,-0.000138371,7.56853e-05,0.000313188,0.631017,0.775118,0.0317751,0.773045,-0.631703,0.0579034,0.0649544,-0.0119744,-0.997816,0.126622,0.343018,-0.629568,
0.0028529,-0.00142717,-0.0820806,0.00084,0.000208,0.000111,0.263861,-1.80931,-2.02829,-1.64306,-1.88866,-1.04221,-0.000115049,0.000127832,-0,9.58738e-05,-0.000215716,0.000407464,5.16763e-05,3.65135e-05,9.1337e-05,-0.000135029,6.33337e-05,0.000313185,0.63102,0.775115,0.0317871,0.773043,-0.631707,0.0578787,0.0649428,-0.0119498,-0.997817,0.126623,0.343014,-0.629561,
0.00187977,0.000533726,-0.039159,0.000856,-0.000165,-0.000469,0.263897,-1.80932,-2.02829,-1.64311,-1.88868,-1.0422,-0.000115049,0.000127832,-0,9.58738e-05,-0.000215716,0.000407464,5.16717e-05,3.65157e-05,9.13382e-05,-0.000135052,6.33136e-05,0.000313176,0.631062,0.775078,0.0318505,0.773007,-0.631754,0.0578503,0.0649602,-0.0118864,-0.997817,0.126652,0.342994,-0.629562,
2.78944e-05,-0.012987,-0.103307,0.001075,-0.000746,0.000286,0.263909,-1.80931,-2.02827,-1.64305,-1.88865,-1.04223,-0.000115049,0.000127832,-0,9.58738e-05,-0.000215716,0.000383495,5.16769e-05,3.65167e-05,9.13371e-05,-0.000121701,7.46937e-05,0.000296817,0.631029,0.775109,0.0317531,0.77304,-0.631714,0.0578427,0.0648933,-0.011954,-0.997821,0.126624,0.342993,-0.629585,
-0.00110952,-0.0136475,-0.0401092,0.00108,-0.000738,-0.000266,0.263885,-1.80932,-2.02822,-1.64307,-1.88863,-1.04219,-0.000115049,0.000115049,-0,9.58738e-05,-0.000215716,0.000359527,4.83903e-05,3.56286e-05,8.32278e-05,-0.000105043,7.37189e-05,0.000280446,0.631041,0.7751,0.0317373,0.77303,-0.631725,0.0578672,0.0649021,-0.0119827,-0.99782,0.126616,0.343015,-0.629595,
-0.0165484,-0.00714403,-0.0614953,0.001437,-0.000429,-8.6e-05,0.263849,-1.80929,-2.02827,-1.64306,-1.88863,-1.04225,-0.000102265,0.000115049,-0,9.58738e-05,-0.000215716,0.000335558,5.01247e-05,2.76912e-05,8.32257e-05,-9.17204e-05,8.50799e-05,0.000276855,0.630975,0.775154,0.0317354,0.773082,-0.631658,0.0578932,0.0649221,-0.0119951,-0.997818,0.126596,0.343025,-0.629576,
-0.00602067,-0.0161586,-0.0607836,0.002036,-0.000512,-0.000292,0.263873,-1.80931,-2.02826,-1.64308,-1.88874,-1.04221,-0.000102265,0.000115049,-0,9.58738e-05,-0.000215716,0.000335558,5.01214e-05,2.7694e-05,8.32225e-05,-9.17191e-05,8.5043e-05,0.000276845,0.631025,0.77511,0.0318073,0.773044,-0.631715,0.0577877,0.0648849,-0.0118771,-0.997822,0.126629,0.342992,-0.629579,
-0.00479772,-0.0135989,-0.04039,0.001722,-0.000713,-0.000269,0.263861,-1.80931,-2.02828,-1.6431,-1.88869,-1.0422,-0.000102265,0.000115049,-0,9.58738e-05,-0.000215716,0.00031159,5.01198e-05,2.76921e-05,8.32253e-05,-7.84187e-05,9.64132e-05,0.000260474,0.631035,0.775101,0.0318217,0.773031,-0.631725,0.0578532,0.0649446,-0.0119082,-0.997818,0.126631,0.343009,-0.629563,
0.00908989,-0.00702741,-0.124599,0.002099,-0.000618,0.000473,0.263837,-1.80931,-2.02829,-1.6431,-1.88867,-1.04223,-0.000102265,0.000102265,-0,9.58738e-05,-0.000215716,0.00031159,4.68314e-05,2.6802e-05,7.51155e-05,-7.50902e-05,8.40797e-05,0.000260475,0.631005,0.775126,0.0318221,0.773052,-0.631695,0.0578972,0.0649794,-0.0119333,-0.997815,0.126627,0.343026,-0.629552,
-0.00864036,-0.026212,-0.0413653,0.002284,-0.001844,-7.2e-05,0.263861,-1.80931,-2.02827,-1.64308,-1.88869,-1.04221,-0.000102265,0.000102265,-0,9.58738e-05,-0.000215716,0.000287621,4.68326e-05,2.68041e-05,7.51138e-05,-6.17567e-05,9.54336e-05,0.000244103,0.631021,0.775114,0.0318002,0.773044,-0.631709,0.0578449,0.0649248,-0.0119184,-0.997819,0.126625,0.343009,-0.62957,
-0.0108528,-0.0273361,-0.0618406,0.002598,-0.001643,-9.5e-05,0.263861,-1.8093,-2.02829,-1.6431,-1.88869,-1.04225,-8.94822e-05,0.000102265,-0,9.58738e-05,-0.000215716,0.000287621,4.85645e-05,1.88696e-05,7.51137e-05,-6.17645e-05,9.54315e-05,0.000256885,0.630998,0.775132,0.0318209,0.773062,-0.631687,0.0578528,0.0649444,-0.0119055,-0.997818,0.126627,0.343006,-0.629561,
-0.0130504,-0.0250683,-0.0619625,0.002937,-0.002201,-0.000102,0.263873,-1.8093,-2.02826,-1.64307,-1.88865,-1.0422,-8.94822e-05,0.000102265,-0,9.58738e-05,-0.000215716,0.000263653,4.85672e-05,1.88706e-05,7.5115e-05,-4.84327e-05,0.000106806,0.000240517,0.631028,0.77511,0.0317512,0.77304,-0.631713,0.0578687,0.0649123,-0.0119718,-0.997819,0.12661,0.343012,-0.629583,
-0.0117735,-0.0244983,-0.0415415,0.002622,-0.002403,-7.8e-05,0.263885,-1.80932,-2.02827,-1.64307,-1.88866,-1.04223,-8.94822e-05,0.000102265,-0,9.58738e-05,-0.000215716,0.000263653,4.85644e-05,1.88711e-05,7.51157e-05,-4.84441e-05,0.000106799,0.000240516,0.631024,0.775112,0.0317881,0.773042,-0.631711,0.0578612,0.0649298,-0.0119383,-0.997818,0.126632,0.343006,-0.629573,
-0.00620008,0.00578801,-0.125568,0.002177,-0.001653,0.000667,0.263885,-1.80932,-2.02826,-1.64306,-1.88869,-1.04219,-8.94822e-05,0.000102265,-0,9.58738e-05,-0.000215716,0.000239685,4.85655e-05,1.88719e-05,7.51135e-05,-3.51132e-05,0.000118152,0.000224142,0.631047,0.775093,0.03178,0.773026,-0.631734,0.0578193,0.0648919,-0.0119199,-0.997821,0.126629,0.342997,-0.62958,
0.0109197,-0.00288897,-0.0408316,0.001487,-0.001394,-6.1e-05,0.263873,-1.80931,-2.02828,-1.64311,-1.88866,-1.0422,-8.94822e-05,0.000102265,-0,7.19053e-05,-0.000215716,0.000239685,4.61342e-05,1.82138e-05,6.95296e-05,-2.88826e-05,9.50164e-05,0.000224143,0.631044,0.775094,0.0318201,0.773022,-0.631733,0.0578824,0.0649662,-0.0119287,-0.997816,0.126634,0.343011,-0.629564,
-0.000214548,0.0046114,-0.0619093,0.001202,-0.001111,0.000122,0.263885,-1.80931,-2.02826,-1.64308,-1.88865,-1.04221,-8.94822e-05,0.000102265,-0,7.19053e-05,-0.000215716,0.000239685,4.6136e-05,1.82148e-05,6.95293e-05,-2.88703e-05,9.50225e-05,0.000224144,0.63103,0.775107,0.0317732,0.773036,-0.631717,0.0578683,0.0649258,-0.0119548,-0.997818,0.126623,0.343008,-0.629581,
0.0033815,0.00348587,-0.0413663,0.000549,-0.000754,0.000152,0.263873,-1.80934,-2.02829,-1.64308,-1.88867,-1.04224,-7.6699e-05,0.000102265,-0,7.19053e-05,-0.000215716,0.000215716,4.78654e-05,1.02798e-05,6.95294e-05,-1.55642e-05,0.000106372,0.000220554,0.631018,0.775114,0.0318341,0.773043,-0.631709,0.0578751,0.0649697,-0.0119111,-0.997816,0.126647,0.34301,-0.629555,
-0.0105505,0.0119616,-0.039974,0.000596,-0.000642,-0.000269,0.263885,-1.80931,-2.02827,-1.64305,-1.88872,-1.04217,-7.6699e-05,0.000102265,-0,7.19053e-05,-0.000215716,0.000215716,4.78695e-05,1.02817e-05,6.95249e-05,-1.55367e-05,0.000106369,0.000220551,0.631063,0.77508,0.0317781,0.773014,-0.631751,0.0577931,0.0648701,-0.0119062,-0.997823,0.126625,0.342989,-0.62958,
-0.0112122,0.0119466,-0.103282,0.000591,-0.00065,0.000284,0.263861,-1.80925,-2.02828,-1.64307,-1.88868,-1.04223,-7.6699e-05,0.000102265,-0,7.19053e-05,-0.000215716,0.000215716,4.78726e-05,1.02796e-05,6.95246e-05,-1.55309e-05,0.000106378,0.000220552,0.630998,0.775135,0.0317431,0.773067,-0.631683,0.0578357,0.064882,-0.0119547,-0.997821,0.126588,0.343002,-0.629582,
-0.012038,-0.00487035,-0.038487,0.000485,-0.000651,-0.000685,0.263861,-1.80931,-2.02832,-1.64306,-1.88871,-1.0422,-7.6699e-05,0.000102265,-0,7.19053e-05,-0.000215716,0.000215716,4.78668e-05,1.02791e-05,6.9526e-05,-1.55526e-05,0.000106367,0.000220552,0.631035,0.775101,0.031826,0.773031,-0.631725,0.0578421,0.0649387,-0.0118979,-0.997818,0.126634,0.343001,-0.62955,
-0.00890979,0.0116002,-0.0601685,0.000269,-0.000465,-0.00029,0.263873,-1.80935,-2.02827,-1.64307,-1.88868,-1.04223,-7.6699e-05,0.000102265,-0,7.19053e-05,-0.000215716,0.000191748,4.78662e-05,1.02807e-05,6.9529e-05,-2.23617e-06,0.00011773,0.000204181,0.631023,0.775112,0.0318175,0.773041,-0.631712,0.0578554,0.0649439,-0.0119118,-0.997818,0.126646,0.343009,-0.629564,
-0.00723025,0.0127356,-0.0397281,-4.6e-05,-0.000667,-0.000267,0.263885,-1.80929,-2.02831,-1.6431,-1.88872,-1.04219,-7.6699e-05,0.000102265,-0,7.19053e-05,-0.000215716,0.000191748,4.78679e-05,1.02807e-05,6.95254e-05,-2.23444e-06,0.000117724,0.00020418,0.631058,0.775082,0.0318309,0.773015,-0.631748,0.0578133,0.0649192,-0.0118778,-0.99782,0.126631,0.342985,-0.629565,
-0.00346566,0.0122577,-0.0191808,-0.000699,-0.00031,-0.000237,0.263873,-1.8093,-2.02827,-1.6431,-1.88869,-1.0422,-7.6699e-05,0.000102265,-0,7.19053e-05,-0.000215716,0.000191748,4.78691e-05,1.02808e-05,6.95269e-05,-2.22853e-06,0.00011773,0.00020418,0.631036,0.775101,0.0318002,0.773032,-0.631725,0.057836,0.0649178,-0.011914,-0.997819,0.126623,0.343002,-0.629575,
-0.00469028,0.010513,-0.102849,-0.00039,-0.000116,0.000292,0.263849,-1.80931,-2.02828,-1.64308,-1.88869,-1.04219,-7.6699e-05,0.000102265,-0,7.19053e-05,-0.000215716,0.000191748,4.78681e-05,1.02793e-05,6.95272e-05,-2.2292e-06,0.000117729,0.00020418,0.631035,0.775102,0.0318107,0.773031,-0.631724,0.0578578,0.0649413,-0.0119197,-0.997818,0.126626,0.343014,-0.629561,
0.00708558,0.00292457,-0.0184649,-0.0001,-0.000392,-0.000444,0.263873,-1.80932,-2.02827,-1.64302,-1.88868,-1.04218,-7.6699e-05,0.000102265,-0,7.19053e-05,-0.000215716,0.000191748,4.78694e-05,1.02806e-05,6.95264e-05,-2.21677e-06,0.000117735,0.000204179,0.631044,0.775096,0.0317541,0.773028,-0.63173,0.057831,0.0648847,-0.0119471,-0.997821,0.12662,0.343004,-0.629575,
0.000773543,-0.0140784,-0.0602871,0.000753,-0.000561,-0.000288,0.263849,-1.80932,-2.02826,-1.64312,-1.88871,-1.0422,-6.39159e-05,0.000102265,-0,7.19053e-05,-0.000191748,0.000167779,4.68593e-05,7.50169e-06,7.0875e-05,-5.55337e-06,0.000124589,0.000183936,0.631031,0.775104,0.0318361,0.773033,-0.631722,0.0578548,0.064955,-0.0118979,-0.997817,0.126635,0.343017,-0.629566,
-0.000874562,-0.0114168,-0.060377,0.001091,-0.00112,-0.000294,0.263885,-1.8093,-2.02827,-1.64306,-1.88868,-1.04219,-6.39159e-05,0.000102265,-0,7.19053e-05,-0.000191748,0.000167779,4.68619e-05,7.5029e-06,7.08732e-05,-5.54233e-06,0.000124597,0.000183935,0.631044,0.775096,0.0317648,0.773028,-0.63173,0.0578262,0.0648877,-0.0119358,-0.997821,0.126617,0.342996,-0.629582,
-0.00476836,-0.0142337,-0.0403805,0.001722,-0.000713,-0.000269,0.263885,-1.80931,-2.02827,-1.6431,-1.88868,-1.04218,-6.39159e-05,0.000102265,-0,7.19053e-05,-0.000191748,0.000167779,4.68599e-05,7.50283e-06,7.08748e-05,-5.55386e-06,0.000124594,0.000183936,0.631064,0.775078,0.0318074,0.773009,-0.631753,0.0578426,0.064927,-0.011915,-0.997819,0.126632,0.343,-0.629574,
-0.00638467,-0.0282123,-0.104508,0.00194,-0.001294,0.000487,0.263873,-1.80932,-2.02825,-1.64308,-1.88868,-1.04221,-6.39159e-05,0.000102265,-0,7.19053e-05,-0.000191748,0.000167779,4.68608e-05,7.50285e-06,7.08749e-05,-5.54666e-06,0.000124596,0.000183935,0.631024,0.775111,0.0317858,0.773042,-0.631712,0.0578432,0.0649144,-0.0119287,-0.99782,0.126627,0.343009,-0.62958,
-0.00688835,-0.0120268,-0.0404956,0.00206,-0.001272,-0.000275,0.263837,-1.80931,-2.02827,-1.64311,-1.88872,-1.04218,-6.39159e-05,0.000102265,-0,7.19053e-05,-0.000167779,0.000167779,4.4119e-05,1.26564e-05,7.22206e-05,-2.21872e-05,0.000120094,0.000167279,0.631041,0.775096,0.0318293,0.773026,-0.631731,0.0578484,0.0649456,-0.0118998,-0.997818,0.126627,0.343017,-0.629562,
0.00623192,-0.0210046,-0.0622794,0.002328,-0.001182,0.000122,0.263873,-1.80929,-2.02825,-1.6431,-1.88868,-1.04223,-6.39159e-05,0.000102265,-0,7.19053e-05,-0.000167779,0.000167779,4.41221e-05,1.26584e-05,7.22205e-05,-2.21808e-05,0.000120102,0.00016728,0.63101,0.775124,0.0317643,0.773056,-0.631696,0.0578349,0.0648946,-0.0119388,-0.997821,0.126608,0.343004,-0.62959,
0.00568103,-0.0214261,-0.0623102,0.002328,-0.001182,0.000122,0.263861,-1.80932,-2.02829,-1.6431,-1.88868,-1.04217,-6.39159e-05,0.000102265,-0,7.19053e-05,-0.000167779,0.000143811,4.41169e-05,1.26565e-05,7.22222e-05,-8.87762e-06,0.000131456,0.000150909,0.631068,0.775074,0.0318381,0.773002,-0.631758,0.0578722,0.0649692,-0.0119104,-0.997816,0.126641,0.343012,-0.629554,
0.00618074,-0.00306365,-0.0208724,0.002456,-0.001546,-4.2e-05,0.263897,-1.80931,-2.02829,-1.64306,-1.88871,-1.04217,-6.39159e-05,0.000102265,-0,7.19053e-05,-0.000167779,0.000143811,4.41184e-05,1.26584e-05,7.22198e-05,-8.87089e-06,0.000131455,0.000150907,0.631077,0.775067,0.0318059,0.773,-0.631767,0.0578076,0.0648987,-0.0118951,-0.997821,0.126636,0.342984,-0.62957,
0.00373123,-0.0188926,-0.125682,0.002661,-0.001749,0.000669,0.263861,-1.80929,-2.02828,-1.64307,-1.88869,-1.04215,-6.39159e-05,0.000102265,-0,7.19053e-05,-0.000167779,0.000143811,4.4121e-05,1.26571e-05,7.22195e-05,-8.862e-06,0.000131458,0.000150907,0.631062,0.775081,0.0317791,0.773013,-0.631749,0.0578368,0.0649046,-0.011933,-0.99782,0.126611,0.343004,-0.629572,
-0.00944848,-0.0262086,-0.041418,0.002284,-0.001844,-7.2e-05,0.263861,-1.80925,-2.02828,-1.6431,-1.88867,-1.04221,-6.39159e-05,0.000102265,-0,7.19053e-05,-0.000167779,0.000143811,4.41229e-05,1.26569e-05,7.22195e-05,-8.86113e-06,0.000131462,0.000150907,0.631013,0.775122,0.0317597,0.773052,-0.631698,0.0578554,0.0649076,-0.0119555,-0.99782,0.126592,0.343006,-0.62958,
0.0034126,-0.0194763,-0.062432,0.002667,-0.001741,0.000116,0.263885,-1.80932,-2.02828,-1.64307,-1.88872,-1.04224,-6.39159e-05,0.000102265,-0,7.19053e-05,-0.000167779,0.000143811,4.4118e-05,1.26583e-05,7.22201e-05,-8.8711e-06,0.000131453,0.000150907,0.631018,0.775115,0.0318207,0.773048,-0.631708,0.0578094,0.0649104,-0.0118799,-0.99782,0.126641,0.342991,-0.629568,
0.00945024,-0.0200081,-0.0620417,0.001686,-0.001207,0.000125,0.263873,-1.80928,-2.02829,-1.64308,-1.88871,-1.04219,-6.39159e-05,0.000102265,-0,7.19053e-05,-0.000143811,0.000143811,4.13796e-05,1.78128e-05,7.35657e-05,-2.55047e-05,0.000126961,0.000134251,0.631043,0.775096,0.031794,0.773028,-0.631731,0.0578208,0.0649019,-0.0119098,-0.997821,0.126614,0.342993,-0.629572,
0.011461,-0.00440564,-0.0205218,0.001475,-0.001012,-3.4e-05,0.263885,-1.80926,-2.02828,-1.64307,-1.88871,-1.04218,-5.11327e-05,0.000102265,-0,7.19053e-05,-0.000143811,0.000143811,4.31144e-05,9.88015e-06,7.35649e-05,-2.54995e-05,0.000126962,0.000147034,0.631051,0.77509,0.0317632,0.773024,-0.631738,0.0578001,0.0648663,-0.0119211,-0.997823,0.126603,0.342985,-0.629585,
0.0134665,-0.00510049,-0.103952,0.001143,-0.000844,0.000498,0.263861,-1.80928,-2.02829,-1.64305,-1.88871,-1.04217,-5.11327e-05,0.000102265,-0,7.19053e-05,-0.000143811,0.000143811,4.31138e-05,9.87885e-06,7.35648e-05,-2.54964e-05,0.000126963,0.000147034,0.631047,0.775094,0.0317618,0.773026,-0.631734,0.0578174,0.0648789,-0.0119328,-0.997822,0.126602,0.342998,-0.629573,
0.0168332,0.0118892,-0.039659,0.000622,-0.000847,-0.000261,0.263885,-1.80934,-2.02829,-1.6431,-1.88872,-1.04221,-5.11327e-05,0.000102265,-0,7.19053e-05,-0.000143811,0.000119842,4.31075e-05,9.87947e-06,7.35682e-05,-1.21993e-05,0.000138315,0.000130663,0.631047,0.77509,0.0318625,0.773021,-0.63174,0.0578255,0.0649488,-0.0118602,-0.997818,0.126657,0.342993,-0.629557,
0.0201039,0.02853,-0.0613343,0.000406,-0.000661,0.000133,0.263873,-1.80931,-2.02825,-1.64307,-1.88872,-1.04218,-5.11327e-05,0.000102265,-0,7.19053e-05,-0.000143811,0.000119842,4.3113e-05,9.8803e-06,7.35666e-05,-1.21809e-05,0.00013832,0.000130661,0.631048,0.775093,0.0317776,0.773026,-0.631735,0.0578018,0.0648768,-0.0119108,-0.997822,0.12662,0.342998,-0.629585,
0.020111,0.0245692,-0.0816794,0.000382,9.9e-05,0.000116,0.263897,-1.80934,-2.02827,-1.64308,-1.88869,-1.0422,-5.11327e-05,0.000102265,-0,7.19053e-05,-0.000143811,0.000119842,4.31092e-05,9.88038e-06,7.35687e-05,-1.2196e-05,0.000138319,0.000130663,0.631055,0.775085,0.0318228,0.773017,-0.631745,0.0578268,0.0649246,-0.0118924,-0.997819,0.126648,0.342993,-0.629572,
0.0058225,0.0182957,-0.0404592,0.000326,-0.000181,-5.1e-05,0.263873,-1.8093,-2.02827,-1.64308,-1.88865,-1.04217,-5.11327e-05,0.000102265,-0,4.79369e-05,-0.000143811,0.000119842,4.06825e-05,9.22272e-06,6.79821e-05,-5.93744e-06,0.000115187,0.000130664,0.631061,0.775082,0.0317723,0.773011,-0.631747,0.0578768,0.0649314,-0.0119634,-0.997818,0.126616,0.343012,-0.629576,
0.0227378,0.0252173,-0.124435,6.2e-05,-0.000111,0.000692,0.263849,-1.80929,-2.02828,-1.64311,-1.88868,-1.0422,-5.11327e-05,0.000102265,-0,4.79369e-05,-0.000143811,0.000119842,4.06823e-05,9.22181e-06,6.7981e-05,-5.93705e-06,0.000115182,0.000130663,0.631026,0.775109,0.0318064,0.773038,-0.631714,0.0578689,0.0649473,-0.0119293,-0.997817,0.126615,0.343015,-0.629566,
0.0199798,0.00979736,-0.0394784,0.000283,-0.000288,-0.000255,0.263861,-1.80929,-2.02829,-1.6431,-1.88871,-1.0422,-5.11327e-05,0.000102265,-0,4.79369e-05,-0.000119842,0.000119842,3.79409e-05,1.43777e-05,6.93268e-05,-2.25762e-05,0.000110685,0.000114007,0.631033,0.775104,0.0318146,0.773034,-0.631722,0.0578377,0.0649282,-0.0119037,-0.997819,0.126621,0.343002,-0.629565,
0.0182573,0.0267757,-0.0817782,0.00072,-0.000459,0.00011,0.263849,-1.80931,-2.02831,-1.64305,-1.88868,-1.04221,-5.11327e-05,0.000102265,-0,4.79369e-05,-0.000119842,0.000119842,3.79401e-05,1.43768e-05,6.93273e-05,-2.25744e-05,0.000110688,0.000114007,0.631014,0.77512,0.0317958,0.773049,-0.631702,0.0578649,0.0649377,-0.0119338,-0.997818,0.126623,0.343014,-0.629554,
0.0183598,0.0264498,-0.0817676,0.00072,-0.000459,0.00011,0.263849,-1.80929,-2.02828,-1.64311,-1.88869,-1.04219,-5.11327e-05,0.000102265,-0,4.79369e-05,-0.000119842,0.000119842,3.79414e-05,1.43774e-05,6.93275e-05,-2.25757e-05,0.000110686,0.000114007,0.631035,0.775102,0.0318107,0.773031,-0.631724,0.0578578,0.0649413,-0.0119197,-0.997818,0.126616,0.343013,-0.629566,
0.0283596,0.0195106,-0.0404649,0.001332,-0.00092,-5.2e-05,0.263885,-1.80928,-2.02826,-1.64308,-1.88868,-1.04223,-5.11327e-05,0.000102265,-0,4.79369e-05,-0.000119842,0.000119842,3.79438e-05,1.43793e-05,6.93269e-05,-2.25706e-05,0.000110689,0.000114007,0.631014,0.775122,0.0317542,0.773054,-0.631699,0.0578222,0.0648783,-0.0119389,-0.997822,0.126604,0.342995,-0.629592,
0.0280938,0.0192358,-0.103744,0.001327,-0.000928,0.000501,0.263861,-1.80934,-2.02827,-1.64311,-1.88868,-1.0422,-5.11327e-05,0.000102265,-0,4.79369e-05,-0.000119842,0.000119842,3.79385e-05,1.43778e-05,6.93297e-05,-2.25833e-05,0.000110685,0.000114008,0.63104,0.775097,0.0318385,0.773025,-0.631731,0.0578724,0.0649701,-0.0119078,-0.997816,0.126644,0.343016,-0.629561,
0.0125946,0.0100918,-0.0602982,0.001578,-0.00062,-0.000287,0.263849,-1.8093,-2.02826,-1.64307,-1.88871,-1.04218,-5.11327e-05,0.000102265,-0,4.79369e-05,-0.000119842,0.000119842,3.79429e-05,1.4378e-05,6.93269e-05,-2.25672e-05,0.000110687,0.000114006,0.631034,0.775104,0.0317719,0.773036,-0.631721,0.0578302,0.0648954,-0.011932,-0.997821,0.126609,0.343011,-0.629577,
-0.00620107,0.00250967,-0.0826586,0.002158,-0.000884,9.6e-05,0.263885,-1.80929,-2.02828,-1.64307,-1.88869,-1.04218,-5.11327e-05,0.000102265,-0,4.79369e-05,-0.000119842,9.58738e-05,3.79419e-05,1.43788e-05,6.93266e-05,-9.25495e-06,0.000122046,9.76341e-05,0.631056,0.775086,0.03178,0.773018,-0.631744,0.0578193,0.0648918,-0.0119207,-0.997821,0.126617,0.342991,-0.629578,
0.00521715,-0.0196043,-0.0826186,0.00234,-0.001564,9.5e-05,0.263861,-1.80929,-2.02827,-1.64308,-1.88869,-1.0422,-5.11327e-05,0.000102265,-0,4.79369e-05,-0.000119842,9.58738e-05,3.79426e-05,1.43782e-05,6.9327e-05,-9.25195e-06,0.000122046,9.76341e-05,0.631025,0.775112,0.0317786,0.773043,-0.631712,0.0578366,0.0649048,-0.0119301,-0.99782,0.12661,0.343006,-0.629577,
-0.0130456,-0.0269585,-0.0416832,0.002925,-0.001819,-7.4e-05,0.263885,-1.8093,-2.02826,-1.64308,-1.88865,-1.04218,-5.11327e-05,0.000102265,-0,4.79369e-05,-0.000119842,9.58738e-05,3.79422e-05,1.4379e-05,6.93288e-05,-9.25699e-06,0.00012205,9.76351e-05,0.631056,0.775087,0.0317623,0.773017,-0.631741,0.057864,0.0649152,-0.0119627,-0.997819,0.126615,0.343007,-0.629584,
-0.0125188,-0.0273794,-0.104908,0.00292,-0.001828,0.000479,0.263861,-1.80929,-2.02827,-1.64312,-1.88869,-1.04219,-5.11327e-05,0.000102265,-0,4.79369e-05,-0.000119842,9.58738e-05,3.79415e-05,1.43781e-05,6.93278e-05,-9.25716e-06,0.000122045,9.76349e-05,0.631042,0.775096,0.0318107,0.773026,-0.631731,0.0578489,0.0649343,-0.0119146,-0.997818,0.126618,0.343008,-0.629573,
0.00478363,-0.03411,-0.0404395,0.002241,-0.001951,-0.000276,0.263873,-1.8093,-2.02828,-1.64307,-1.88871,-1.04219,-5.11327e-05,0.000102265,-0,4.79369e-05,-0.000119842,9.58738e-05,3.79412e-05,1.43784e-05,6.93268e-05,-9.25467e-06,0.000122044,9.76341e-05,0.631043,0.775096,0.0317944,0.773028,-0.631732,0.057821,0.0649023,-0.0119096,-0.997821,0.126622,0.342997,-0.629572,
0.00378924,-0.0206063,-0.0421376,0.002655,-0.001359,0.000144,0.263873,-1.80931,-2.02831,-1.64311,-1.88866,-1.0422,-5.11327e-05,0.000102265,-0,4.79369e-05,-9.58738e-05,9.58738e-05,3.51971e-05,1.95329e-05,7.0676e-05,-2.59056e-05,0.00011755,8.09801e-05,0.631049,0.775089,0.0318412,0.773016,-0.631739,0.0578905,0.0649857,-0.011918,-0.997815,0.126641,0.34301,-0.629553,
0.00828845,-0.0199159,-0.0418129,0.002013,-0.001383,0.000146,0.263897,-1.80931,-2.02828,-1.64307,-1.88869,-1.0422,-3.83495e-05,8.94822e-05,-0,4.79369e-05,-9.58738e-05,9.58738e-05,3.36435e-05,1.07123e-05,6.25634e-05,-2.25647e-05,0.000105208,9.37622e-05,0.63105,0.77509,0.0318021,0.773022,-0.631738,0.0578189,0.0649054,-0.0119029,-0.99782,0.126634,0.342988,-0.629574,
0.00746672,-0.00348676,-0.0410893,0.002129,-0.00137,-6.3e-05,0.263873,-1.8093,-2.02828,-1.64307,-1.88868,-1.04219,-3.83495e-05,8.94822e-05,-0,4.79369e-05,-9.58738e-05,9.58738e-05,3.36445e-05,1.07115e-05,6.25632e-05,-2.25611e-05,0.00010521,9.37624e-05,0.631043,0.775096,0.0317858,0.773027,-0.63173,0.0578432,0.0649141,-0.0119303,-0.99782,0.12662,0.343002,-0.629572,
0.0103836,-0.00598047,-0.104183,0.001785,-0.000819,0.000496,0.263861,-1.80931,-2.02827,-1.6431,-1.88871,-1.04217,-3.83495e-05,8.94822e-05,-0,4.79369e-05,-9.58738e-05,9.58738e-05,3.36438e-05,1.07113e-05,6.25636e-05,-2.25619e-05,0.000105208,9.3762e-05,0.63106,0.775081,0.031815,0.773012,-0.63175,0.0578378,0.0649281,-0.0119058,-0.997819,0.126629,0.343007,-0.629569,
0.0101209,-0.0056471,-0.0409399,0.00179,-0.000811,-5.7e-05,0.263861,-1.80931,-2.02828,-1.64308,-1.88868,-1.04221,-3.83495e-05,8.94822e-05,-0,4.79369e-05,-9.58738e-05,9.58738e-05,3.36436e-05,1.0711e-05,6.25639e-05,-2.2563e-05,0.00010521,9.37625e-05,0.631023,0.775112,0.0318069,0.773041,-0.631712,0.0578602,0.0649409,-0.0119231,-0.997818,0.126627,0.343011,-0.629564,
0.0122336,-0.00633949,-0.0610987,0.001463,-0.000634,-7.8e-05,0.263873,-1.80929,-2.02828,-1.64311,-1.88869,-1.04218,-3.83495e-05,8.94822e-05,-0,4.79369e-05,-9.58738e-05,9.58738e-05,3.36443e-05,1.07115e-05,6.25633e-05,-2.25637e-05,0.000105208,9.37623e-05,0.631058,0.775083,0.0318116,0.773014,-0.631747,0.0578404,0.064928,-0.0119098,-0.997819,0.126622,0.343,-0.629572,
0.0182096,0.0104438,-0.0825595,0.000605,-0.000473,0.000319,0.263861,-1.80931,-2.02826,-1.64305,-1.88871,-1.04218,-3.83495e-05,8.94822e-05,-0,4.79369e-05,-9.58738e-05,9.58738e-05,3.36457e-05,1.07117e-05,6.25627e-05,-2.25543e-05,0.00010521,9.37617e-05,0.631038,0.775101,0.0317622,0.773034,-0.631724,0.0578176,0.0648794,-0.0119318,-0.997822,0.126614,0.343005,-0.629579,
0.0336989,0.0180319,-0.0401088,0.000352,-0.000386,-4.3e-05,0.263873,-1.80932,-2.02829,-1.6431,-1.88874,-1.04219,-3.83495e-05,7.6699e-05,-0,4.79369e-05,-9.58738e-05,9.58738e-05,3.03535e-05,9.82297e-06,5.4452e-05,-1.9232e-05,9.28625e-05,9.37614e-05,0.631057,0.775082,0.0318601,0.773014,-0.631749,0.057808,0.0649335,-0.0118518,-0.997819,0.126649,0.342992,-0.629558,
0.0207857,0.0269267,-0.104278,0.000389,-0.000287,0.000714,0.263861,-1.8093,-2.02825,-1.6431,-1.88871,-1.04218,-3.83495e-05,7.6699e-05,-0,4.79369e-05,-9.58738e-05,9.58738e-05,3.03571e-05,9.82337e-06,5.44521e-05,-1.92233e-05,9.28681e-05,9.37618e-05,0.631043,0.775096,0.0317829,0.773028,-0.631731,0.0578255,0.0648986,-0.0119213,-0.997821,0.126614,0.343007,-0.629584,
0.00751771,0.0174793,-0.0606437,-1e-06,-4e-06,-7.2e-05,0.263849,-1.80928,-2.02828,-1.6431,-1.88868,-1.04217,-3.83495e-05,7.6699e-05,-0,4.79369e-05,-9.58738e-05,9.58738e-05,3.0357e-05,9.82234e-06,5.44519e-05,-1.92248e-05,9.28699e-05,9.37624e-05,0.631048,0.775092,0.0317848,0.773022,-0.631735,0.0578607,0.0649269,-0.0119425,-0.997819,0.126605,0.343013,-0.62957,
0.021843,0.0271372,-0.081509,7.9e-05,-0.000484,0.000112,0.263861,-1.80928,-2.02829,-1.64311,-1.88869,-1.04217,-3.83495e-05,7.6699e-05,-0,-4.79369e-05,-9.58738e-05,9.58738e-05,2.06382e-05,7.19716e-06,3.21051e-05,5.77643e-06,3.12232e-07,9.37623e-05,0.63106,0.775081,0.0318107,0.773011,-0.631749,0.0578489,0.064934,-0.0119161,-0.997818,0.126615,0.343004,-0.629567,
0.0219196,0.0274223,-0.0815075,7.9e-05,-0.000484,0.000112,0.263861,-1.80928,-2.02829,-1.64305,-1.88867,-1.04219,-3.83495e-05,7.6699e-05,-0,0,-9.58738e-05,9.58738e-05,2.54979e-05,8.50967e-06,4.32782e-05,-6.7194e-06,4.65941e-05,9.37624e-05,0.631028,0.77511,0.0317488,0.77304,-0.631713,0.0578512,0.0648971,-0.0119627,-0.99782,0.126599,0.343006,-0.629572,
0.0067168,0.0204478,-0.0403384,2.3e-05,-0.000765,-5.5e-05,0.263861,-1.80928,-2.02828,-1.64311,-1.88871,-1.04217,-3.83495e-05,7.6699e-05,-0,0,-9.58738e-05,9.58738e-05,2.54975e-05,8.51009e-06,4.32783e-05,-6.72401e-06,4.65895e-05,9.37619e-05,0.631058,0.775083,0.0318049,0.773015,-0.631747,0.0578339,0.0649188,-0.0119109,-0.997819,0.126613,0.343002,-0.629572,
0.00574161,0.0196523,-0.124001,0.000332,-0.000571,0.000475,0.263837,-1.8093,-2.02828,-1.64308,-1.88867,-1.04221,-3.83495e-05,7.6699e-05,-0,0,-9.58738e-05,9.58738e-05,2.54969e-05,8.50922e-06,4.32793e-05,-6.72442e-06,4.65926e-05,9.37627e-05,0.631007,0.775125,0.0317904,0.773053,-0.631694,0.057885,0.06495,-0.0119502,-0.997817,0.126613,0.343025,-0.629562,
0.00073955,0.00557071,-0.0391569,0.000892,-0.001308,-0.000479,0.263849,-1.8093,-2.02827,-1.64306,-1.88871,-1.04217,-3.83495e-05,7.6699e-05,-0,0,-9.58738e-05,9.58738e-05,2.54976e-05,8.5099e-06,4.32784e-05,-6.71877e-06,4.65908e-05,9.37617e-05,0.631043,0.775097,0.0317719,0.773028,-0.63173,0.0578302,0.0648952,-0.0119328,-0.997821,0.12661,0.34301,-0.629573,
0.0129314,-0.00353168,-0.0609986,0.00116,-0.001218,-8.2e-05,0.263873,-1.80928,-2.02832,-1.64311,-1.88866,-1.04217,-3.83495e-05,7.6699e-05,-0,0,-9.58738e-05,9.58738e-05,2.54962e-05,8.50959e-06,4.32791e-05,-6.73124e-06,4.65921e-05,9.37632e-05,0.631071,0.775072,0.0318197,0.773,-0.631761,0.0578823,0.0649653,-0.0119312,-0.997816,0.126622,0.343004,-0.629558,
0.0112806,-0.001385,-0.0610835,0.001498,-0.001776,-8.8e-05,0.263837,-1.80928,-2.02828,-1.64308,-1.88869,-1.04215,-3.83495e-05,6.39159e-05,-0,0,-9.58738e-05,9.58738e-05,2.22092e-05,7.62099e-06,3.51673e-05,-3.38663e-06,3.42506e-05,9.37621e-05,0.631049,0.775092,0.0317781,0.773022,-0.631735,0.0578542,0.0649177,-0.0119437,-0.997819,0.1266,0.343016,-0.629569,
-0.00566203,-0.00927722,-0.0403604,0.001757,-0.001855,-0.000279,0.263837,-1.80932,-2.02829,-1.64306,-1.88866,-1.04219,-3.83495e-05,6.39159e-05,-0,0,-7.19053e-05,9.58738e-05,1.94666e-05,1.27762e-05,3.65154e-05,-2.00321e-05,2.97575e-05,7.71072e-05,0.631028,0.775108,0.0317967,0.773035,-0.631716,0.0579002,0.0649653,-0.0119567,-0.997816,0.126625,0.343029,-0.629552,
-0.00640236,-0.0270377,-0.124779,0.001951,-0.001676,0.00046,0.263861,-1.80929,-2.02827,-1.64311,-1.88871,-1.04219,-3.83495e-05,6.39159e-05,-0,0,-7.19053e-05,9.58738e-05,1.94677e-05,1.27772e-05,3.65145e-05,-2.00294e-05,2.97534e-05,7.71063e-05,0.631039,0.775099,0.0318045,0.77303,-0.631728,0.0578338,0.0649187,-0.0119096,-0.997819,0.126617,0.343004,-0.629575,
0.00706946,-0.0199203,-0.0395351,0.002018,-0.001379,-0.000479,0.263849,-1.80929,-2.02828,-1.64307,-1.88867,-1.04217,-3.83495e-05,6.39159e-05,-0,0,-7.19053e-05,9.58738e-05,1.9468e-05,1.27766e-05,3.65147e-05,-2.0028e-05,2.97574e-05,7.71074e-05,0.631046,0.775095,0.0317698,0.773024,-0.631732,0.0578682,0.0649233,-0.0119586,-0.997819,0.126606,0.343016,-0.629569,
0.00718167,-0.0187287,-0.0621555,0.002025,-0.001765,0.000119,0.263849,-1.80929,-2.02828,-1.64312,-1.88869,-1.04218,-3.83495e-05,6.39159e-05,-0,0,-7.19053e-05,9.58738e-05,1.94674e-05,1.27768e-05,3.65148e-05,-2.00323e-05,2.97539e-05,7.71063e-05,0.631047,0.775092,0.0318212,0.773021,-0.631737,0.0578619,0.0649509,-0.0119151,-0.997817,0.126619,0.343013,-0.629565,
0.00388054,-0.0190399,-0.0624067,0.002667,-0.001741,0.000116,0.263849,-1.80926,-2.02827,-1.6431,-1.88868,-1.04219,-3.83495e-05,6.39159e-05,-0,0,-7.19053e-05,9.58738e-05,1.9469e-05,1.27769e-05,3.65143e-05,-2.0026e-05,2.97567e-05,7.71073e-05,0.631025,0.775112,0.0317633,0.773043,-0.63171,0.0578524,0.0649073,-0.0119519,-0.99782,0.126594,0.343012,-0.629579,
0.0173208,-0.0275371,-0.0614726,0.002624,-0.001848,-8.8e-05,0.263873,-1.80928,-2.02828,-1.64311,-1.88869,-1.04219,-3.83495e-05,6.39159e-05,-0,0,-7.19053e-05,9.58738e-05,1.94677e-05,1.27772e-05,3.65144e-05,-2.00303e-05,2.97541e-05,7.71066e-05,0.631046,0.775093,0.0318011,0.773024,-0.631734,0.0578363,0.0649184,-0.0119144,-0.997819,0.126615,0.342998,-0.629575,
0.00437663,-0.0207257,-0.105362,0.00265,-0.001367,0.000696,0.263897,-1.80929,-2.02828,-1.6431,-1.88866,-1.04218,-3.83495e-05,6.39159e-05,-0,0,-7.19053e-05,9.58738e-05,1.94671e-05,1.27776e-05,3.65151e-05,-2.00326e-05,2.97567e-05,7.71074e-05,0.631067,0.775076,0.0317886,0.773006,-0.631755,0.0578525,0.0649227,-0.0119361,-0.997819,0.126622,0.342995,-0.629578,
0.00765299,-0.00384496,-0.0410729,0.002129,-0.00137,-6.3e-05,0.263849,-1.80928,-2.02827,-1.64308,-1.88872,-1.04217,-3.83495e-05,6.39159e-05,-0,0,-7.19053e-05,9.58738e-05,1.94686e-05,1.2777e-05,3.65139e-05,-2.00245e-05,2.97538e-05,7.71065e-05,0.631044,0.775096,0.0317762,0.773029,-0.631731,0.0578191,0.0648893,-0.0119225,-0.997821,0.126602,0.343005,-0.629578,
0.00970172,-0.00582711,-0.040965,0.00179,-0.000811,-5.7e-05,0.263885,-1.80928,-2.02826,-1.64311,-1.88867,-1.04219,-3.83495e-05,6.39159e-05,-0,0,-7.19053e-05,9.58738e-05,1.94683e-05,1.27777e-05,3.65149e-05,-2.0029e-05,2.97566e-05,7.71074e-05,0.631047,0.775094,0.0317713,0.773025,-0.631733,0.057842,0.0649039,-0.011941,-0.99782,0.126608,0.342999,-0.629589,
0.0282626,0.00122543,-0.0818774,0.001204,-0.000555,0.000113,0.263873,-1.8093,-2.02828,-1.64307,-1.88873,-1.0422,-3.83495e-05,6.39159e-05,-0,0,-7.19053e-05,9.58738e-05,1.94671e-05,1.27773e-05,3.6514e-05,-2.00274e-05,2.97516e-05,7.7106e-05,0.631034,0.775103,0.031803,0.773036,-0.631724,0.0577988,0.0648907,-0.0118882,-0.997822,0.126624,0.342991,-0.629572,
0.0302214,0.0177212,-0.0403715,0.000993,-0.000361,-4.6e-05,0.263873,-1.80928,-2.02827,-1.64307,-1.88869,-1.04218,-3.83495e-05,6.39159e-05,-0,0,-7.19053e-05,9.58738e-05,1.94685e-05,1.27773e-05,3.65141e-05,-2.00249e-05,2.97556e-05,7.71072e-05,0.631045,0.775096,0.031758,0.773029,-0.63173,0.0578198,0.0648784,-0.011937,-0.997822,0.126603,0.342997,-0.629584,
0.0324787,0.0166218,-0.123781,0.000661,-0.000193,0.000486,0.263873,-1.80925,-2.02829,-1.64307,-1.88866,-1.04217,-3.83495e-05,6.39159e-05,-0,0,-7.19053e-05,9.58738e-05,1.94688e-05,1.27769e-05,3.6514e-05,-2.00265e-05,2.97586e-05,7.71079e-05,0.631053,0.77509,0.0317449,0.77302,-0.631738,0.0578535,0.0648962,-0.0119692,-0.99782,0.126592,0.343001,-0.62958,
0.0322567,0.0163423,-0.0605282,0.000666,-0.000184,-6.7e-05,0.263861,-1.80928,-2.02831,-1.64312,-1.88869,-1.04217,-3.83495e-05,5.11327e-05,-0,0,-7.19053e-05,9.58738e-05,1.61786e-05,1.18883e-05,2.84034e-05,-1.67e-05,1.74126e-05,7.71062e-05,0.631065,0.775076,0.0318323,0.773005,-0.631756,0.0578572,0.064954,-0.0119052,-0.997817,0.126621,0.343003,-0.62956,
0.0189688,0.0251334,-0.0614559,0.000709,-7.7e-05,0.000137,0.263885,-1.80925,-2.02826,-1.64311,-1.88866,-1.04217,-3.83495e-05,5.11327e-05,-0,0,-7.19053e-05,9.58738e-05,1.61802e-05,1.1889e-05,2.84036e-05,-1.66926e-05,1.74177e-05,7.71079e-05,0.63106,0.775084,0.0317459,0.773015,-0.631745,0.057845,0.06489,-0.0119636,-0.997821,0.126593,0.342999,-0.629596,
0.0202082,0.00773241,-0.0824462,0.000266,8.5e-05,0.000325,0.263861,-1.80929,-2.02827,-1.64311,-1.88869,-1.0422,-3.83495e-05,5.11327e-05,-0,0,-7.19053e-05,9.58738e-05,1.61791e-05,1.18887e-05,2.84037e-05,-1.66959e-05,1.74136e-05,7.71066e-05,0.63103,0.775106,0.0318002,0.773037,-0.631718,0.0578449,0.0649247,-0.0119192,-0.997819,0.126616,0.343007,-0.629574,
0.0325647,0.0168825,-0.0605146,0.000666,-0.000184,-6.7e-05,0.263873,-1.80929,-2.02826,-1.6431,-1.88865,-1.04217,-2.55663e-05,5.11327e-05,-0,0,-7.19053e-05,9.58738e-05,1.79121e-05,3.95507e-06,2.84043e-05,-1.66955e-05,1.74182e-05,8.98911e-05,0.631058,0.775085,0.0317618,0.773014,-0.631744,0.0578728,0.0649216,-0.0119688,-0.997819,0.126608,0.343012,-0.629584,
0.0206573,0.0256635,-0.104271,0.000389,-0.000287,0.000714,0.263849,-1.80928,-2.02825,-1.64307,-1.88868,-1.04218,-2.55663e-05,5.11327e-05,-0,0,-7.19053e-05,9.58738e-05,1.79131e-05,3.95493e-06,2.84034e-05,-1.66882e-05,1.7417e-05,8.98909e-05,0.631026,0.775112,0.0317316,0.773044,-0.63171,0.0578402,0.0648779,-0.0119688,-0.997821,0.126589,0.343014,-0.62959,
0.0192298,0.00937092,-0.0395221,0.000283,-0.000288,-0.000255,0.263885,-1.80929,-2.02829,-1.6431,-1.88866,-1.04218,-2.55663e-05,5.11327e-05,-0,0,-4.79369e-05,9.58738e-05,1.51703e-05,9.11046e-06,2.97507e-05,-3.33383e-05,1.29202e-05,7.32346e-05,0.631063,0.775079,0.0317982,0.773008,-0.631751,0.0578651,0.0649386,-0.0119363,-0.997818,0.126622,0.343,-0.62957,
0.00308699,0.00531179,-0.0616636,0.000561,-0.001136,0.000124,0.263861,-1.80925,-2.02828,-1.6431,-1.88868,-1.04218,-2.55663e-05,5.11327e-05,-0,0,-4.79369e-05,9.58738e-05,1.51719e-05,9.1103e-06,2.97499e-05,-3.33324e-05,1.29202e-05,7.32355e-05,0.631041,0.775099,0.0317642,0.77303,-0.631726,0.0578438,0.064901,-0.0119471,-0.99782,0.126593,0.343003,-0.62958,
0.00105777,0.00390864,-0.0821237,0.000875,-0.000934,0.000101,0.263849,-1.80929,-2.02829,-1.64311,-1.88869,-1.04217,-2.55663e-05,5.11327e-05,-0,0,-4.79369e-05,9.58738e-05,1.51705e-05,9.10999e-06,2.97504e-05,-3.33375e-05,1.29181e-05,7.32335e-05,0.631056,0.775084,0.0318208,0.773013,-0.631746,0.0578617,0.0649504,-0.0119161,-0.997817,0.12662,0.343012,-0.62956,
0.0115508,-0.0028476,-0.040791,0.001487,-0.001394,-6.1e-05,0.263861,-1.80932,-2.02827,-1.6431,-1.88866,-1.04219,-2.55663e-05,5.11327e-05,-0,0,-4.79369e-05,9.58738e-05,1.517e-05,9.11029e-06,2.97514e-05,-3.33392e-05,1.29207e-05,7.32343e-05,0.631044,0.775095,0.0318082,0.773022,-0.631732,0.0578868,0.064962,-0.0119406,-0.997816,0.126632,0.34302,-0.629565,
0.0104677,-0.00446626,-0.124452,0.001796,-0.001201,0.000469,0.263861,-1.80925,-2.02828,-1.64307,-1.88867,-1.0422,-2.55663e-05,5.11327e-05,-0,0,-4.79369e-05,9.58738e-05,1.51721e-05,9.11027e-06,2.97499e-05,-3.33307e-05,1.29219e-05,7.32364e-05,0.631017,0.77512,0.0317386,0.773051,-0.631701,0.0578473,0.0648879,-0.011967,-0.997821,0.126587,0.343005,-0.629582,
0.00727707,-0.00417942,-0.0410933,0.002129,-0.00137,-6.3e-05,0.263885,-1.80929,-2.02828,-1.6431,-1.88863,-1.0422,-2.55663e-05,5.11327e-05,-0,0,-4.79369e-05,9.58738e-05,1.51706e-05,9.11053e-06,2.9751e-05,-3.33383e-05,1.29225e-05,7.32355e-05,0.631042,0.775097,0.0317795,0.773026,-0.631729,0.0578834,0.0649413,-0.0119605,-0.997817,0.126617,0.343007,-0.629575,
0.00540013,-0.0182452,-0.0419726,0.002352,-0.001942,0.00014,0.263861,-1.80928,-2.02827,-1.64307,-1.88869,-1.04214,-2.55663e-05,5.11327e-05,-0,0,-4.79369e-05,9.58738e-05,1.51716e-05,9.11042e-06,2.975e-05,-3.33307e-05,1.29196e-05,7.32356e-05,0.631066,0.775079,0.0317575,0.773011,-0.631751,0.0578285,0.0648845,-0.0119447,-0.997821,0.1266,0.343004,-0.629581,
0.00676276,-0.018578,-0.0621846,0.002025,-0.001765,0.000119,0.263873,-1.80924,-2.02825,-1.64307,-1.88867,-1.04217,-2.55663e-05,5.11327e-05,-0,0,-4.79369e-05,9.58738e-05,1.51732e-05,9.11083e-06,2.97499e-05,-3.33263e-05,1.29227e-05,7.32378e-05,0.631041,0.775102,0.0316965,0.773035,-0.631722,0.0578222,0.0648414,-0.0119856,-0.997824,0.126572,0.343,-0.629605,
-0.0125385,-0.0246475,-0.0415895,0.002622,-0.002403,-7.8e-05,0.263861,-1.80926,-2.02827,-1.6431,-1.88863,-1.04218,-2.55663e-05,5.11327e-05,-0,0,-4.79369e-05,9.58738e-05,1.51719e-05,9.11032e-06,2.97507e-05,-3.33345e-05,1.29242e-05,7.32365e-05,0.63104,0.775101,0.0317464,0.773029,-0.631724,0.0578885,0.0649244,-0.0119891,-0.997818,0.126593,0.343017,-0.629582,
0.00646278,-0.00577142,-0.124736,0.002438,-0.001176,0.000466,0.263861,-1.80924,-2.02828,-1.64307,-1.88867,-1.0422,-2.55663e-05,5.11327e-05,-0,0,-4.79369e-05,9.58738e-05,1.51725e-05,9.11029e-06,2.97497e-05,-3.33296e-05,1.29222e-05,7.32368e-05,0.631014,0.775122,0.0317281,0.773054,-0.631698,0.0578432,0.0648781,-0.0119724,-0.997821,0.126579,0.343004,-0.629586,
0.00717157,-0.0042373,-0.0410995,0.002129,-0.00137,-6.3e-05,0.263873,-1.80931,-2.02827,-1.64308,-1.88866,-1.04219,-2.55663e-05,5.11327e-05,-0,0,-4.79369e-05,9.58738e-05,1.51704e-05,9.11049e-06,2.97511e-05,-3.33371e-05,1.29209e-05,7.3235e-05,0.631045,0.775095,0.0317876,0.773024,-0.631732,0.0578699,0.0649359,-0.011946,-0.997818,0.126625,0.343011,-0.629572,
0.00617297,-0.0052372,-0.0614973,0.002443,-0.001168,-8.6e-05,0.263861,-1.80932,-2.02828,-1.64307,-1.88867,-1.04218,-2.55663e-05,5.11327e-05,-0,0,-4.79369e-05,9.58738e-05,1.51699e-05,9.11019e-06,2.9751e-05,-3.33376e-05,1.292e-05,7.32343e-05,0.631051,0.775089,0.0318024,0.773018,-0.631739,0.0578718,0.0649466,-0.0119362,-0.997817,0.126631,0.343015,-0.629562,
0.00821821,-0.0219016,-0.082444,0.002001,-0.001005,0.000101,0.263897,-1.8093,-2.02828,-1.64311,-1.88861,-1.0422,-2.55663e-05,5.11327e-05,-0,0,-4.79369e-05,9.58738e-05,1.51701e-05,9.11065e-06,2.97516e-05,-3.33418e-05,1.29234e-05,7.32353e-05,0.631054,0.775088,0.0317929,0.773014,-0.631741,0.0579052,0.0649665,-0.0119649,-0.997816,0.126628,0.343008,-0.629573,
-0.00391702,-0.0145475,-0.0403213,0.001722,-0.000713,-0.000269,0.263861,-1.80926,-2.02828,-1.64308,-1.88867,-1.04215,-2.55663e-05,3.83495e-05,-0,0,-4.79369e-05,9.58738e-05,1.18828e-05,8.22175e-06,2.16392e-05,-2.9999e-05,5.80519e-07,7.32357e-05,0.631059,0.775085,0.0317597,0.773015,-0.631744,0.0578554,0.0649068,-0.0119594,-0.99782,0.126597,0.343007,-0.629578,
-0.00217209,-0.0150601,-0.123771,0.001389,-0.000545,0.000263,0.263873,-1.80928,-2.02826,-1.64312,-1.88865,-1.0422,-2.55663e-05,3.83495e-05,-0,0,-4.79369e-05,9.58738e-05,1.18826e-05,8.22209e-06,2.16399e-05,-3.00023e-05,5.81512e-07,7.32356e-05,0.631033,0.775105,0.0317727,0.773034,-0.631719,0.057877,0.0649322,-0.0119609,-0.997818,0.126606,0.343012,-0.629585,
-0.000256315,-0.0153483,-0.019777,0.001068,-0.000356,-0.000239,0.263861,-1.80926,-2.02827,-1.6431,-1.88868,-1.04219,-2.55663e-05,3.83495e-05,-0,0,-4.79369e-05,9.58738e-05,1.18829e-05,8.22189e-06,2.16392e-05,-2.99984e-05,5.79509e-07,7.32355e-05,0.631031,0.775107,0.0317638,0.773038,-0.631717,0.0578437,0.0649008,-0.0119465,-0.99782,0.126597,0.343006,-0.629582,
0.00389609,0.000159682,-0.0616859,0.000525,7e-06,0.000134,0.263873,-1.8093,-2.02828,-1.64306,-1.88865,-1.04219,-2.55663e-05,3.83495e-05,-0,0,-4.79369e-05,9.58738e-05,1.18821e-05,8.22185e-06,2.16398e-05,-3.00012e-05,5.81819e-07,7.32359e-05,0.63104,0.7751,0.0317622,0.773029,-0.631725,0.0578729,0.0649223,-0.011967,-0.997819,0.126614,0.34301,-0.629572,
0.0209896,0.00606949,-0.0621191,0.000255,0.000467,0.000352,0.263873,-1.80931,-2.02827,-1.64311,-1.88866,-1.04215,-2.55663e-05,3.83495e-05,-0,0,-4.79369e-05,9.58738e-05,1.18817e-05,8.22204e-06,2.16402e-05,-3.00053e-05,5.79595e-07,7.32343e-05,0.631078,0.775067,0.0318091,0.772995,-0.631767,0.0578782,0.0649554,-0.0119374,-0.997817,0.12663,0.343012,-0.62957,
0.0188766,0.00679877,-0.0396027,0.000586,0.000295,-0.000251,0.263873,-1.80929,-2.02827,-1.64307,-1.88867,-1.04219,-2.55663e-05,3.83495e-05,-0,0,-4.79369e-05,9.58738e-05,1.18824e-05,8.222e-06,2.16395e-05,-2.9999e-05,5.80172e-07,7.32357e-05,0.631038,0.775102,0.0317598,0.773033,-0.631723,0.0578465,0.0649003,-0.0119519,-0.99782,0.126608,0.343004,-0.629581,
0.0182636,0.00819844,-0.12318,0.000593,-9.5e-05,0.000274,0.263897,-1.80926,-2.02831,-1.64306,-1.88872,-1.04213,-2.55663e-05,3.83495e-05,-0,0,-4.79369e-05,9.58738e-05,1.18822e-05,8.22206e-06,2.16385e-05,-2.99969e-05,5.75468e-07,7.32347e-05,0.631098,0.775052,0.0317786,0.772987,-0.631785,0.0577843,0.0648631,-0.0119032,-0.997823,0.126611,0.342974,-0.629578,
0.0174465,0.00879434,-0.059976,0.000598,-8.7e-05,-0.000279,0.263873,-1.80926,-2.02831,-1.64311,-1.88866,-1.04217,-2.55663e-05,3.83495e-05,-0,0,-4.79369e-05,9.58738e-05,1.18822e-05,8.22169e-06,2.16394e-05,-3.00041e-05,5.79902e-07,7.32346e-05,0.631066,0.775077,0.0317986,0.773005,-0.631754,0.0578742,0.0649458,-0.011942,-0.997817,0.126611,0.343003,-0.629567,
0.0183396,0.00837526,-0.0599128,0.000598,-8.7e-05,-0.000279,0.263873,-1.80934,-2.02825,-1.64307,-1.88867,-1.04218,-2.55663e-05,3.83495e-05,-0,0,-4.79369e-05,9.58738e-05,1.18817e-05,8.22225e-06,2.16402e-05,-3.00013e-05,5.79545e-07,7.3235e-05,0.631052,0.775089,0.0317813,0.773019,-0.631739,0.0578548,0.0649201,-0.0119418,-0.997819,0.126631,0.343013,-0.629578,
0.00169726,0.00234014,-0.0618069,0.000864,-0.000552,0.000128,0.263825,-1.80932,-2.02827,-1.64308,-1.88871,-1.04217,-2.55663e-05,3.83495e-05,-0,0,-4.79369e-05,9.58738e-05,1.18819e-05,8.22156e-06,2.16397e-05,-3.00019e-05,5.77379e-07,7.32336e-05,0.631041,0.775097,0.0318136,0.773026,-0.63173,0.057864,0.0649478,-0.0119218,-0.997817,0.126625,0.343027,-0.629558,
0.00204206,0.0188215,-0.0610071,0.000979,-0.000538,-8.1e-05,0.263885,-1.80931,-2.02827,-1.6431,-1.88861,-1.04218,-2.55663e-05,3.83495e-05,-0,0,-4.79369e-05,9.58738e-05,1.18817e-05,8.22206e-06,2.16406e-05,-3.00062e-05,5.83488e-07,7.32356e-05,0.631063,0.77508,0.0317815,0.773007,-0.631749,0.0579097,0.0649626,-0.0119774,-0.997816,0.126626,0.343016,-0.629574,
0.000593898,0.00239182,-0.104837,0.001185,-0.000737,0.000702,0.263873,-1.80928,-2.02832,-1.64307,-1.88863,-1.04217,-2.55663e-05,3.83495e-05,-0,0,-4.79369e-05,9.58738e-05,1.1882e-05,8.22152e-06,2.16395e-05,-3.0004e-05,5.82188e-07,7.32355e-05,0.631063,0.77508,0.031779,0.773008,-0.63175,0.0578922,0.0649474,-0.0119682,-0.997817,0.126611,0.343008,-0.629561,
-0.00293276,-0.0116721,-0.0402033,0.001419,-0.001297,-0.000273,0.263873,-1.80929,-2.02829,-1.64311,-1.88863,-1.04215,-2.55663e-05,3.83495e-05,-0,0,-4.79369e-05,9.58738e-05,1.18818e-05,8.22176e-06,2.164e-05,-3.00063e-05,5.81574e-07,7.32348e-05,0.631078,0.775068,0.0318001,0.772994,-0.631765,0.0579003,0.0649668,-0.0119583,-0.997816,0.12662,0.343013,-0.629566,
0.0081297,-0.00408469,-0.041039,0.002129,-0.00137,-6.3e-05,0.263873,-1.80929,-2.02828,-1.64308,-1.88867,-1.04218,-2.55663e-05,3.83495e-05,-0,0,-4.79369e-05,9.58738e-05,1.18822e-05,8.22191e-06,2.16395e-05,-3.00013e-05,5.79545e-07,7.3235e-05,0.631052,0.775089,0.0317813,0.773019,-0.631739,0.0578548,0.0649201,-0.0119418,-0.997819,0.126614,0.343004,-0.629574,
0.00719326,-0.00228086,-0.0613779,0.00214,-0.001752,-9e-05,0.263861,-1.80928,-2.02829,-1.64307,-1.88865,-1.04218,-2.55663e-05,3.83495e-05,-0,0,-4.79369e-05,9.58738e-05,1.18825e-05,8.2216e-06,2.16395e-05,-3.00011e-05,5.82191e-07,7.32359e-05,0.631042,0.775098,0.0317613,0.773026,-0.631728,0.0578815,0.0649283,-0.0119734,-0.997818,0.126603,0.343013,-0.62957,
-0.00914639,-0.010379,-0.0406141,0.002399,-0.00183,-0.000281,0.263861,-1.80929,-2.02826,-1.64311,-1.88865,-1.04214,-2.55663e-05,3.83495e-05,-0,0,-4.79369e-05,9.58738e-05,1.18825e-05,8.22194e-06,2.164e-05,-3.00023e-05,5.81871e-07,7.32356e-05,0.631073,0.775073,0.0317723,0.773001,-0.631759,0.0578857,0.064938,-0.0119701,-0.997818,0.126608,0.343019,-0.62958,
0.00780071,-0.00265488,-0.124598,0.002135,-0.00176,0.000463,0.263873,-1.80929,-2.02827,-1.64311,-1.88862,-1.04218,-2.55663e-05,3.83495e-05,-0,0,-4.79369e-05,9.58738e-05,1.18822e-05,8.22193e-06,2.16402e-05,-3.00045e-05,5.83171e-07,7.32357e-05,0.631054,0.775088,0.0317747,0.773015,-0.63174,0.0579033,0.0649535,-0.0119778,-0.997816,0.126612,0.343017,-0.629577,
-0.00887455,-0.0104263,-0.0405958,0.002399,-0.00183,-0.000281,0.263849,-1.80928,-2.02827,-1.64311,-1.88865,-1.04217,-2.55663e-05,3.83495e-05,-0,0,-4.79369e-05,9.58738e-05,1.18827e-05,8.22169e-06,2.16398e-05,-3.00023e-05,5.82231e-07,7.32356e-05,0.631048,0.775093,0.0317718,0.773021,-0.631734,0.0578944,0.0649449,-0.0119739,-0.997817,0.126601,0.343023,-0.629574,
-0.00699249,-0.010889,-0.0607724,0.002072,-0.001654,-0.000302,0.263849,-1.8093,-2.02826,-1.64307,-1.88863,-1.04213,-2.55663e-05,3.83495e-05,-0,0,-4.79369e-05,9.58738e-05,1.18826e-05,8.22175e-06,2.164e-05,-3.00005e-05,5.83841e-07,7.32365e-05,0.63107,0.775076,0.0317459,0.773004,-0.631754,0.0578973,0.0649304,-0.0119975,-0.997818,0.126603,0.343028,-0.629577,
