-4.23015,-14.2795,17.9531,0.420572,0.57228,0.143597,0.343209,-1.79249,-2.07984,-1.63479,-1.87123,-1.03614,-0.00149563,-0.00475534,0.0012144,0.0133025,-0.00445813,0.0424242,0.000249327,-5.31094e-05,0.000601087,-0.0233535,-0.0113115,0.0300723,0.682513,0.729015,0.0520896,0.728926,-0.684163,0.0242467,0.053314,0.0214208,-0.998348,0.145441,0.298069,-0.628667,
-4.34674,-14.3006,17.9067,0.421631,0.564237,0.144486,0.343233,-1.79252,-2.07986,-1.63472,-1.87115,-1.03594,-0.0011377,-0.00627654,0.0012144,0.00589624,-0.00287621,0.0259339,-0.000950525,-0.000317283,-0.00201678,-0.0124495,-0.0117116,0.018268,0.68267,0.72887,0.0520571,0.728778,-0.684319,0.024294,0.0533308,0.0213533,-0.998349,0.145452,0.298072,-0.628658,
-4.21006,-14.2121,17.9959,0.417494,0.572387,0.143448,0.343233,-1.79257,-2.07988,-1.63486,-1.8712,-1.0357,-0.000907605,-0.00268447,0.0012144,-0.0102106,-0.00210922,0.0346344,-0.00166766,-0.000531086,-0.00355495,-0.0134667,-0.0281003,0.0237677,0.682881,0.728658,0.0522576,0.728569,-0.684541,0.0243071,0.053484,0.0214744,-0.998338,0.145522,0.298071,-0.628623,
-4.19261,-14.0616,17.7927,0.40846,0.572584,0.144271,0.343221,-1.79257,-2.07982,-1.63493,-1.87124,-1.03557,0.000191748,0,0.0303728,-0.00898817,-0.00167779,0.012943,-0.00522881,-0.00242079,0.0138473,-0.0131112,0.013956,0.0100478,0.682974,0.72857,0.0522786,0.728482,-0.684634,0.0242847,0.0534849,0.0214983,-0.998337,0.145522,0.298077,-0.628642,
-4.22193,-13.9829,17.3865,0.40378,0.570912,0.144193,0.343269,-1.79252,-2.07964,-1.63538,-1.87119,-1.03558,0.00970243,0,0.029593,-0.0363601,0.000383495,0.00496147,-0.00626768,-0.00855566,0.00706313,-0.000667442,-0.00898394,0.012747,0.683026,0.728508,0.0524615,0.72842,-0.684697,0.0243568,0.0536644,0.0215777,-0.998326,0.145554,0.298088,-0.628705,
-4.00648,-13.9776,17.3493,0.402025,0.585929,0.14434,0.343305,-1.79255,-2.07931,-1.63551,-1.871,-1.03562,0.00571408,0.000626375,0.0420566,-0.0376784,0.0210443,-0.000790959,-0.0115321,-0.00256225,0.014806,-0.0151328,0.000153773,-0.00983749,0.682984,0.728562,0.0522523,0.728464,-0.684647,0.0244651,0.0535987,0.0213547,-0.998334,0.145504,0.298145,-0.628847,
-3.97754,-14.2416,17.4045,0.420385,0.587792,0.1442,0.343425,-1.7925,-2.07896,-1.63587,-1.87089,-1.03583,0.0188552,0.00343867,0.0460066,-0.0548158,0.00647148,-0.0223865,-0.00885382,-0.0139909,0.013839,0.009687,0.00478852,-0.000741523,0.68288,0.728664,0.0521893,0.728565,-0.68454,0.0244693,0.0535555,0.0213137,-0.998337,0.145482,0.298139,-0.629014,
-4.01402,-14.1642,17.5929,0.41408,0.58525,0.143352,0.343545,-1.79245,-2.07859,-1.63614,-1.87091,-1.03578,0.00937007,0.00343867,0.0376848,-0.0339633,0.00481766,0.00196541,-0.00708027,-0.00750691,0.0142919,-0.00665503,0.00460673,0.00724669,0.682952,0.728605,0.0520685,0.728511,-0.684602,0.0243162,0.0533631,0.0213257,-0.998347,0.145443,0.2981,-0.629201,
-4.36252,-14.1681,17.806,0.415069,0.561964,0.144768,0.343617,-1.79235,-2.07831,-1.63645,-1.87087,-1.03588,0.0109807,0.00297848,0.0382856,-0.0411299,0.00719054,-0.0210203,-0.00797351,-0.00829107,0.0127535,0.00661266,0.00910776,-0.00821731,0.682906,0.728654,0.0519893,0.72856,-0.684551,0.024288,0.0532869,0.021291,-0.998352,0.145391,0.298095,-0.629348,
-4.33244,-14.2483,17.8874,0.419417,0.563793,0.144466,0.3437,-1.79235,-2.07798,-1.63681,-1.87076,-1.03594,0.0107634,0.00392443,0.0380683,-0.0452285,0.00563259,-0.00647148,-0.00793104,-0.00852929,0.0121799,0.000885753,-0.00108872,0.0024129,0.682909,0.728651,0.0519918,0.728554,-0.684556,0.0243389,0.0533259,0.0212576,-0.998351,0.145396,0.298112,-0.629483,
-4.34358,-14.2526,17.9695,0.418732,0.56311,0.144345,0.343712,-1.79238,-2.07775,-1.63723,-1.87077,-1.03591,0.00627654,0.00313188,0.0378254,-0.0432631,0.00496147,-0.00385892,-0.00860108,-0.00597215,0.0119905,-0.0004008,-0.00138133,0.000153076,0.68297,0.728579,0.0521917,0.728485,-0.684628,0.0243803,0.0534949,0.0213698,-0.998339,0.145449,0.298139,-0.629544,
-4.32724,-14.2332,17.8861,0.41919,0.564361,0.144888,0.343772,-1.7924,-2.07745,-1.63762,-1.87063,-1.03596,0.0146623,0.00187913,0.0369689,-0.0462351,0.00769387,-0.00385892,-0.00791856,-0.0105845,0.0101968,-0.000488543,-0.00681045,0.0065879,0.682981,0.728565,0.0522476,0.728465,-0.684644,0.024504,0.0536237,0.0213248,-0.998333,0.145473,0.29818,-0.629653,
-4.15867,-14.3336,17.8701,0.423835,0.575386,0.143961,0.343868,-1.79239,-2.07712,-1.63797,-1.87059,-1.03607,0.00837298,0.00134223,0.0397301,-0.045588,0.00508131,-0.0101866,-0.009172,-0.00753644,0.0113463,0.00369974,-0.000276185,-0.00206943,0.682951,0.728594,0.0522389,0.728496,-0.684613,0.024467,0.0535899,0.0213461,-0.998335,0.145473,0.298173,-0.6298,
-4.10637,-14.2798,17.8524,0.420675,0.578711,0.143778,0.34394,-1.79237,-2.0768,-1.63839,-1.87059,-1.03612,0.0102138,0.00103544,0.0393594,-0.0419927,0.00508131,-0.00719054,-0.00852126,-0.00852339,0.0118138,0.00109095,0.000949093,0.00177578,0.682965,0.728576,0.0523057,0.728481,-0.68463,0.0244344,0.0536124,0.0214158,-0.998332,0.145482,0.298171,-0.629933,
-4.04853,-14.2802,17.7499,0.421359,0.582136,0.14412,0.344024,-1.79235,-2.07656,-1.63871,-1.87053,-1.03611,0.0121696,0.000984304,0.0388353,-0.043335,0.00615989,-0.00381098,-0.00837055,-0.0094922,0.0112447,-0.000806347,-0.00282777,0.00522208,0.683028,0.728513,0.0523551,0.728418,-0.684696,0.0244501,0.0536596,0.0214362,-0.998329,0.145498,0.298169,-0.630035,
-4.07826,-14.2506,17.7503,0.419263,0.581804,0.14411,0.344084,-1.79227,-2.07616,-1.63903,-1.87046,-1.0362,0.006839,0.00533058,0.0396534,-0.0416811,0.00814927,-0.015939,-0.00849792,-0.00550543,0.0148866,0.00216149,0.00928118,-0.00964252,0.68296,0.728588,0.0521926,0.728491,-0.684619,0.0244298,0.0535313,0.0213373,-0.998338,0.145422,0.298185,-0.630226,
-4.15528,-14.2483,17.7471,0.418898,0.575999,0.144664,0.344203,-1.79227,-2.07583,-1.63936,-1.87045,-1.03624,0.0148796,0.0025055,0.0412257,-0.0396198,0.00445813,-0.012943,-0.00730802,-0.0113419,0.0142602,0.00269524,0.00939239,0.0030376,0.682993,0.728558,0.0521798,0.728465,-0.68465,0.0243486,0.0534643,0.0213812,-0.998341,0.14543,0.298159,-0.630378,
-4.16272,-14.3307,17.9308,0.424174,0.574831,0.144026,0.344239,-1.79222,-2.0755,-1.63967,-1.8704,-1.03624,0.00898657,0.00207087,0.0392699,-0.0404587,0.00330765,0,-0.0080834,-0.00801047,0.0126985,-0.00247806,4.85885e-05,0.00662535,0.683001,0.728557,0.0521123,0.728462,-0.684653,0.0243505,0.0534196,0.0213304,-0.998344,0.145389,0.298181,-0.630521,
-4.12511,-14.3506,17.9902,0.425367,0.576852,0.144542,0.344371,-1.79227,-2.07519,-1.64001,-1.87028,-1.03636,0.0140231,0.00400113,0.0377998,-0.042568,0.00925182,-0.0216914,-0.00747497,-0.0096226,0.012933,0.00592847,0.0081102,-0.00709473,0.682992,0.728561,0.0521549,0.728465,-0.684648,0.0243914,0.0534784,0.0213339,-0.998341,0.145433,0.298179,-0.630648,
-4.13843,-14.3152,17.9315,0.423003,0.576982,0.144054,0.344455,-1.79222,-2.07493,-1.64037,-1.8703,-1.03641,0.0120673,0.00342589,0.0381322,-0.0429275,0.00431432,-0.00769387,-0.00739541,-0.0095532,0.0124137,0.00179273,0.00160003,0.00383974,0.683009,0.728541,0.0522075,0.72845,-0.684667,0.0243196,0.0534626,0.02142,-0.99834,0.145435,0.298155,-0.630768,
-4.18861,-14.2382,17.9722,0.419266,0.574141,0.144275,0.344515,-1.79224,-2.0746,-1.64073,-1.87028,-1.03641,0.00834741,0.00198139,0.0388864,-0.0394281,0.00407464,-0.00647148,-0.00815055,-0.00742185,0.0127325,0.000339188,0.00367974,0.0011088,0.683048,0.728503,0.0522451,0.728413,-0.684707,0.0243121,0.053484,0.0214496,-0.998338,0.145448,0.298167,-0.630894,
-4.24704,-14.1703,17.8688,0.413835,0.568072,0.144929,0.344622,-1.79224,-2.07432,-1.64105,-1.87016,-1.03644,0.0132817,0.0013678,0.0401647,-0.0438862,0.0119123,-0.00100667,-0.00904997,-0.00902756,0.0123795,-0.00650857,-0.00452154,0.00410275,0.683079,0.728475,0.0522323,0.728382,-0.684738,0.0243528,0.0535059,0.0214102,-0.998338,0.145455,0.298169,-0.631022,
-4.05434,-14.2072,17.9347,0.41764,0.58167,0.144127,0.344718,-1.79221,-2.074,-1.64147,-1.87009,-1.03656,0.00910162,0.0013678,0.0380939,-0.0438623,0.0110495,-0.0188152,-0.00935964,-0.00658927,0.0112454,0.00441487,0.0028038,-0.011375,0.683054,0.728494,0.0522897,0.728402,-0.684717,0.0243745,0.0535603,0.0214388,-0.998334,0.145468,0.29817,-0.631154,
-4.07437,-14.2223,17.8734,0.418168,0.579491,0.14403,0.344766,-1.79216,-2.07369,-1.64178,-1.87012,-1.03654,0.0121568,0.00359207,0.039385,-0.0426878,0.00615989,-0.00647148,-0.0077278,-0.009271,0.0133479,-0.000645965,0.00210294,0.00342913,0.683088,0.728464,0.0522575,0.728375,-0.684748,0.0242909,0.0534782,0.0214703,-0.998338,0.145439,0.298165,-0.631294,
-4.04737,-14.1662,17.772,0.414347,0.582605,0.144367,0.344886,-1.79218,-2.07339,-1.64214,-1.87004,-1.03661,0.0110447,0.00414175,0.0388353,-0.0415853,0.00354733,-0.00373908,-0.00726232,-0.00903198,0.0135286,-0.000779189,0.00237017,0.00601032,0.683108,0.728443,0.0523,0.728354,-0.684769,0.0243025,0.0535164,0.0214917,-0.998336,0.145466,0.298156,-0.631421,
-4.11744,-14.1477,17.8356,0.413126,0.577361,0.143542,0.345006,-1.79216,-2.07303,-1.64245,-1.86991,-1.03672,0.0142021,0.00313188,0.0409317,-0.0366957,0.0192227,-0.0139496,-0.0088372,-0.00771497,0.0159818,-0.00758936,0.00946974,-0.00885627,0.683077,0.728478,0.0522082,0.728386,-0.684735,0.0243224,0.0534671,0.0214137,-0.99834,0.145448,0.298158,-0.631589,
-4.12469,-14.2475,17.8497,0.421203,0.577126,0.144382,0.34509,-1.79212,-2.07271,-1.64277,-1.86996,-1.03674,0.0135629,0.00187913,0.0407016,-0.0433829,0.00719054,-0.00807737,-0.00827007,-0.0101438,0.0128775,-8.52343e-05,0.00164664,0.00302476,0.683096,0.728462,0.0521811,0.728377,-0.68475,0.0242007,0.0533603,0.0214761,-0.998344,0.145427,0.298131,-0.631741,
-4.14938,-14.1555,17.9765,0.413047,0.575658,0.143895,0.345197,-1.79208,-2.07241,-1.6431,-1.8699,-1.03678,0.0117222,0.00714579,0.0393466,-0.0502618,0.00381098,0,-0.00733031,-0.00944496,0.0136459,-0.00123532,-0.00444996,0.00900112,0.683122,0.72844,0.0521537,0.728355,-0.684773,0.0241744,0.053323,0.0214724,-0.998346,0.145417,0.298116,-0.631883,
-4.22926,-14.0786,17.9373,0.408648,0.569175,0.143566,0.345293,-1.79203,-2.07212,-1.64354,-1.86982,-1.03693,0.0129366,0.00375825,0.0385285,-0.0377503,0.0174251,-0.0143811,-0.00839958,-0.00718087,0.0147655,-0.00521385,0.00744781,-0.00912721,0.683074,0.728479,0.0522319,0.728394,-0.68473,0.0242029,0.053396,0.0215131,-0.998342,0.145426,0.298114,-0.632008,
-4.25498,-14.2149,17.8673,0.420016,0.569235,0.144717,0.345329,-1.79201,-2.07181,-1.64385,-1.86978,-1.03687,0.00761877,0.00208366,0.0405099,-0.0431911,0.00615989,-0.00848483,-0.00908267,-0.0067593,0.0129064,0.000746555,0.00228942,-0.00245634,0.683131,0.728428,0.052197,0.728342,-0.684786,0.024215,0.0533826,0.0214752,-0.998343,0.145403,0.298138,-0.632139,
-4.2099,-14.1262,17.9352,0.410601,0.571885,0.144008,0.345449,-1.79203,-2.07148,-1.64423,-1.86973,-1.03696,0.0127448,0.00181521,0.0393594,-0.0484402,0.00601608,-0.00124636,-0.00853047,-0.0100016,0.0108802,-0.000826342,-0.0076291,0.00761487,0.683143,0.728413,0.0522506,0.728329,-0.6848,0.0241926,0.0534034,0.0215287,-0.998341,0.145436,0.298125,-0.632277,
-4.16343,-14.243,17.8505,0.419896,0.575095,0.144147,0.345545,-1.79198,-2.07116,-1.64456,-1.86961,-1.03712,0.0115432,0.00342589,0.0396278,-0.04252,0.0187673,-0.0215956,-0.00950013,-0.0063172,0.0140918,-0.000829092,0.00702555,-0.0163065,0.683061,0.728495,0.0521829,0.728408,-0.684715,0.0242255,0.0533786,0.0214629,-0.998344,0.145408,0.29813,-0.632426,
-4.16091,-14.2603,17.8911,0.422058,0.57641,0.143994,0.34564,-1.79197,-2.07088,-1.64491,-1.86954,-1.03706,0.0129494,0.00342589,0.0388353,-0.041034,0.00587227,-0.00965929,-0.00730565,-0.00973725,0.0133615,0.000955934,0.00467013,0.00229361,0.68316,0.7284,0.0522069,0.728313,-0.684816,0.024237,0.0534063,0.0214652,-0.998342,0.145417,0.298128,-0.632551,
-4.23207,-14.2013,17.8923,0.416238,0.570628,0.143934,0.345736,-1.79194,-2.07055,-1.64527,-1.8695,-1.0371,0.0125019,0.00203252,0.0405994,-0.0430713,0.00522512,-0.00119842,-0.00808573,-0.0098876,0.0129166,-0.00264235,-0.00104399,0.00796881,0.683182,0.72838,0.0521981,0.728295,-0.684837,0.0242005,0.0533744,0.0214822,-0.998343,0.145407,0.298117,-0.632698,
-4.20965,-14.2254,17.9116,0.417385,0.571983,0.144183,0.34582,-1.79198,-2.07017,-1.64559,-1.8694,-1.03727,0.0120673,0.00141893,0.0392699,-0.0434548,0.0175689,-0.0239924,-0.00975227,-0.0070668,0.0123747,0.00237999,0.00541997,-0.016531,0.683099,0.728461,0.05216,0.728374,-0.684752,0.0242263,0.0533646,0.021443,-0.998345,0.145417,0.298139,-0.632852,
-4.1929,-14.3106,17.9515,0.424287,0.57429,0.143827,0.345916,-1.79194,-2.06992,-1.646,-1.86936,-1.03728,0.013384,0.00131667,0.0391293,-0.0400033,0.00587227,-0.00970722,-0.00766757,-0.0101629,0.0124545,0.00124853,0.00395557,0.00269605,0.683157,0.7284,0.0522456,0.728315,-0.684814,0.0242313,0.0534286,0.0214975,-0.99834,0.145429,0.298127,-0.632963,
-4.20097,-14.2091,17.8701,0.4162,0.572321,0.144559,0.345988,-1.79189,-2.06957,-1.64632,-1.86934,-1.03727,0.0107506,0.00378382,0.037378,-0.0428796,0.00496147,-0.00127033,-0.00742751,-0.00856002,0.012341,-0.00199575,-0.00214821,0.00635758,0.68319,0.728374,0.052179,0.72829,-0.684843,0.0241691,0.0533386,0.0214893,-0.998345,0.145395,0.298122,-0.633124,
-4.17559,-14.2182,17.9131,0.416814,0.574051,0.144004,0.346095,-1.79188,-2.06931,-1.64669,-1.8692,-1.03746,0.0137675,0.00627654,0.0391932,-0.0429515,0.0172813,-0.0238726,-0.00817005,-0.00770514,0.0154842,0.00071645,0.0103962,-0.0145457,0.683119,0.728437,0.0522256,0.72835,-0.684776,0.0242538,0.0534302,0.0214702,-0.998341,0.145413,0.298129,-0.633237,
-4.17626,-14.3379,17.9298,0.426705,0.576073,0.144027,0.346155,-1.79186,-2.06897,-1.64699,-1.86918,-1.03746,0.00841133,0.00268447,0.0387969,-0.0383016,0.00587227,-0.0104023,-0.00800255,-0.00698491,0.0135464,0.000696591,0.00688238,-0.00274206,0.683141,0.728421,0.0521756,0.728334,-0.684794,0.0242187,0.0533709,0.0214565,-0.998344,0.145394,0.298136,-0.633382,
-4.2136,-14.3093,17.9488,0.422324,0.570975,0.14463,0.346227,-1.79185,-2.06868,-1.6473,-1.86916,-1.0375,0.0152631,0,0.0397812,-0.0431432,0.00462591,-0.00124636,-0.00785902,-0.0118056,0.0111837,-0.00122896,-0.00362793,0.0111255,0.683153,0.728408,0.0521837,0.728324,-0.684806,0.0241799,0.0533485,0.0214881,-0.998345,0.145394,0.298131,-0.633506,
-4.14019,-14.3118,17.9721,0.423016,0.576604,0.144098,0.346359,-1.79184,-2.06841,-1.64768,-1.869,-1.03768,0.0125659,0.00319579,0.0375186,-0.04403,0.0180243,-0.0241362,-0.00906024,-0.00704493,0.0124595,0.00235183,0.00486275,-0.0164552,0.6831,0.728456,0.0522123,0.728368,-0.684757,0.024266,0.0534294,0.0214536,-0.998341,0.145412,0.298131,-0.63363,
-4.12481,-14.294,17.8887,0.423473,0.577855,0.14464,0.346443,-1.79183,-2.0681,-1.64802,-1.86904,-1.03762,0.0127704,0.00319579,0.0392571,-0.043287,0.00563259,-0.00882039,-0.00759159,-0.00980103,0.0129272,0.00135931,0.00235947,0.00284656,0.683192,0.728367,0.0522501,0.728285,-0.684849,0.0241651,0.0533845,0.0215435,-0.998342,0.145421,0.298108,-0.633764,
-4.10085,-14.1913,17.9147,0.415104,0.579314,0.144073,0.346574,-1.79183,-2.06775,-1.64836,-1.86894,-1.03766,0.012029,0.00193026,0.0384518,-0.0389727,0.00378702,-0.00146208,-0.00725848,-0.00965925,0.0126379,-0.00217866,0.00116824,0.00834595,0.683221,0.728343,0.0522098,0.72826,-0.684875,0.024167,0.0533591,0.0215109,-0.998344,0.145423,0.298099,-0.633922,
-4.14496,-14.21,17.8939,0.416895,0.575762,0.143795,0.346646,-1.7918,-2.06745,-1.64866,-1.8688,-1.03781,0.0113003,0.0013678,0.0399985,-0.040267,0.0195103,-0.0215956,-0.0099236,-0.00614383,0.013614,-0.00150366,0.00736756,-0.0170833,0.683145,0.728418,0.0521501,0.72833,-0.684798,0.0242325,0.0533636,0.0214281,-0.998345,0.1454,0.298121,-0.634056,
-4.05747,-14.2848,17.8508,0.42262,0.582953,0.144241,0.346742,-1.79179,-2.06713,-1.64901,-1.86889,-1.03783,0.0129494,0.00125275,0.0381066,-0.0401232,0.00587227,-0.00587227,-0.00757623,-0.00986031,0.0118716,-0.000421321,0.000869437,0.00482639,0.683182,0.728381,0.052188,0.728302,-0.684833,0.0240847,0.0532829,0.0215544,-0.998347,0.145411,0.298083,-0.634198,
-4.10506,-14.2539,17.9324,0.419866,0.577355,0.144281,0.346874,-1.79174,-2.06678,-1.64943,-1.86878,-1.03793,0.0115943,0.00329806,0.039385,-0.040986,0.00366717,-0.0156274,-0.00730264,-0.00942279,0.0135185,0.00548416,0.0086656,-0.00148036,0.683181,0.728382,0.0521797,0.728302,-0.684832,0.0240968,0.0532861,0.0215401,-0.998347,0.145403,0.298072,-0.634362,
-4.14379,-14.1401,17.8535,0.412176,0.576193,0.144175,0.346946,-1.79172,-2.06652,-1.64975,-1.86865,-1.038,0.0105078,0.00329806,0.0379405,-0.0399794,0.0189351,-0.0107858,-0.00917738,-0.00549909,0.0137746,-0.00704066,0.00215906,-0.0102334,0.683169,0.728394,0.0521747,0.72831,-0.684821,0.0241794,0.0533425,0.0214808,-0.998345,0.145396,0.298093,-0.634476,
-4.17401,-14.2573,17.9505,0.421416,0.574198,0.144462,0.347077,-1.79176,-2.06617,-1.65001,-1.86867,-1.03803,0.0126426,0.00208366,0.0401903,-0.0412018,0.00615989,-0.00462591,-0.00786378,-0.00969414,0.0132709,-0.0019105,0.00189286,0.00514781,0.683203,0.728365,0.0521411,0.728286,-0.684851,0.0240455,0.0532228,0.0215456,-0.99835,0.145413,0.298053,-0.634632,
-4.1434,-14.1952,17.9534,0.416668,0.576334,0.144289,0.347113,-1.79177,-2.06587,-1.65036,-1.86865,-1.03818,0.0111214,0.0014445,0.0381322,-0.0421605,0.00354733,-0.022818,-0.00773015,-0.00929864,0.0114159,0.0109182,0.00832314,-0.00667847,0.683126,0.728433,0.0521893,0.728355,-0.684777,0.0240586,0.0532632,0.0215773,-0.998347,0.145424,0.298075,-0.634743,
-4.21811,-14.1368,17.8934,0.411489,0.570573,0.144155,0.347221,-1.79173,-2.06558,-1.65071,-1.8685,-1.03818,0.0130133,0.00109935,0.0381706,-0.0436705,0.0231296,-0.0107618,-0.0101739,-0.00646755,0.0118705,-0.00788706,-0.00417696,-0.0107085,0.683182,0.728382,0.0521696,0.7283,-0.684833,0.0241226,0.0532979,0.021515,-0.998347,0.145415,0.29808,-0.634877,
-4.11714,-14.2206,17.8924,0.420091,0.579011,0.144033,0.347341,-1.79174,-2.06529,-1.65103,-1.86853,-1.03818,0.0110574,0.000894822,0.0391932,-0.0418249,0.00615989,-0.0053929,-0.00833245,-0.00881442,0.0118568,-0.000537589,-0.000359344,0.00304928,0.683253,0.728312,0.0522232,0.728236,-0.684905,0.0240242,0.053265,0.0216162,-0.998346,0.145445,0.298042,-0.635003,
-4.14031,-14.1205,17.8319,0.411656,0.575795,0.144566,0.347424,-1.79171,-2.06495,-1.65138,-1.86841,-1.0383,0.0124892,0.000830906,0.0381961,-0.041777,0.0035713,-0.0164663,-0.00759545,-0.0101611,0.0111676,0.00751554,0.00493213,-0.00107882,0.683199,0.728367,0.0521558,0.728288,-0.684848,0.0240666,0.0532481,0.0215422,-0.998349,0.145416,0.298059,-0.63516,
-4.14293,-14.0935,17.8576,0.409583,0.575649,0.143342,0.347508,-1.79166,-2.06466,-1.6517,-1.86822,-1.03836,0.0120673,0.00446133,0.0390909,-0.0413935,0.0215956,-0.00822118,-0.0092393,-0.00589524,0.0149368,-0.0104866,0.00106013,-0.00885939,0.683192,0.728379,0.0520891,0.728292,-0.68484,0.0241843,0.0532881,0.0214136,-0.99835,0.145386,0.298086,-0.635295,
-4.14288,-14.2178,17.8516,0.419446,0.578427,0.143973,0.347592,-1.79166,-2.06436,-1.65203,-1.86834,-1.03837,0.0112492,0.00300405,0.0390654,-0.0424961,0.00587227,-0.00680704,-0.00777993,-0.00882068,0.0129463,-2.7434e-05,0.00165884,0.00250013,0.683234,0.728335,0.0521481,0.728259,-0.684881,0.0240141,0.0532055,0.0215701,-0.998351,0.145404,0.298045,-0.635422,
-4.26617,-14.1914,17.8691,0.416594,0.568746,0.144508,0.347688,-1.79165,-2.06398,-1.65234,-1.86823,-1.03848,0.0118372,0.00182799,0.0405866,-0.0429994,0.00342749,-0.0137819,-0.00790587,-0.00988185,0.0127805,0.00541631,0.00563694,0.000167019,0.683187,0.728386,0.0520419,0.728307,-0.684829,0.0240227,0.0531376,0.0214905,-0.998356,0.145376,0.298055,-0.635596,
-4.30334,-14.1813,17.9738,0.414699,0.565177,0.143757,0.34776,-1.79165,-2.06365,-1.65269,-1.86807,-1.03857,0.00857751,0.00166181,0.0396278,-0.0415373,0.0215956,-0.00925182,-0.0106223,-0.00407661,0.0134459,-0.00910794,-0.000682421,-0.0130388,0.683155,0.728419,0.0520186,0.728334,-0.684798,0.0241244,0.0531949,0.0214062,-0.998355,0.14537,0.298088,-0.63573,
-4.24183,-14.3053,17.9265,0.424606,0.571359,0.144804,0.347867,-1.79161,-2.06339,-1.65299,-1.86813,-1.0386,0.0139337,0.00310631,0.0398196,-0.0424242,0.00587227,-0.00464988,-0.00736192,-0.0104644,0.0134406,-0.00151365,0.00143393,0.00662774,0.683194,0.72838,0.0520381,0.728303,-0.684835,0.0239877,0.0531097,0.0215113,-0.998357,0.145372,0.298041,-0.635857,
-4.21707,-14.1832,17.9534,0.416048,0.572249,0.144025,0.347927,-1.7916,-2.06303,-1.65337,-1.86805,-1.03873,0.00866699,0.00310631,0.0387458,-0.0464509,0.0116726,-0.0175689,-0.00928103,-0.00617632,0.0122146,0.00341384,0.00182008,-0.011427,0.683129,0.728442,0.0520255,0.728363,-0.68477,0.0240268,0.0531277,0.02148,-0.998357,0.14536,0.298067,-0.636005,
-4.22182,-14.1957,17.8914,0.41661,0.571114,0.14415,0.348011,-1.79159,-2.06279,-1.65369,-1.86793,-1.03876,0.012144,0.00208366,0.0407144,-0.044797,0.00994691,-0.00762197,-0.00880931,-0.00876403,0.0129302,-0.00172885,-0.000379761,-6.15752e-05,0.683155,0.728415,0.0520574,0.728332,-0.6848,0.0240993,0.0532032,0.0214515,-0.998353,0.14537,0.298077,-0.636107,
-4.19249,-14.2512,17.8088,0.419172,0.573355,0.144286,0.348119,-1.79161,-2.06243,-1.65403,-1.86795,-1.03878,0.0124892,0.0014445,0.04074,-0.0444615,0.00488956,-0.00421845,-0.0082081,-0.0100646,0.0123673,-0.000152549,-0.00116367,0.00617366,0.683203,0.72837,0.0520663,0.728293,-0.684846,0.0239964,0.0531357,0.0215251,-0.998355,0.145387,0.298053,-0.63626,
-4.16775,-14.2851,17.8916,0.422207,0.574686,0.143771,0.348226,-1.79158,-2.06209,-1.65439,-1.86783,-1.03894,0.0120673,0.00109935,0.0416604,-0.0449169,0.00906007,-0.0223865,-0.00908554,-0.00904352,0.0127519,0.00691386,0.00718563,-0.00938477,0.683131,0.728441,0.0520217,0.728361,-0.684772,0.0240275,0.0531256,0.0214766,-0.998357,0.14537,0.298055,-0.636415,
-4.14769,-14.267,17.8491,0.421696,0.576093,0.144367,0.34831,-1.79158,-2.06175,-1.65471,-1.86775,-1.03891,0.0145217,0.000894822,0.0392827,-0.0448689,0.00994691,-0.0107858,-0.0084494,-0.0102266,0.0114143,0.000905861,-0.00130457,0.000198659,0.683194,0.728385,0.0519769,0.728303,-0.684833,0.0240387,0.0531049,0.0214318,-0.998359,0.14536,0.298066,-0.636565,
-4.15709,-14.2656,17.9314,0.420405,0.574243,0.144239,0.348382,-1.79158,-2.06145,-1.65504,-1.86774,-1.03892,0.00814288,0.000894822,0.0408422,-0.0441499,0.00445813,-0.00110255,-0.00903922,-0.00758257,0.0121398,-0.00151097,-0.0027726,0.00422049,0.683226,0.728353,0.0519968,0.728274,-0.684866,0.0240036,0.0530939,0.021468,-0.998359,0.145366,0.298062,-0.63669,
-4.17967,-14.2016,17.9315,0.417251,0.573884,0.144441,0.348478,-1.79156,-2.06115,-1.65542,-1.86767,-1.03908,0.0154293,0.000894822,0.0414558,-0.0453723,0.0153877,-0.0261975,-0.00935426,-0.00978167,0.0127404,0.00511522,0.00679711,-0.0130934,0.683172,0.7284,0.0520413,0.728321,-0.684815,0.0240211,0.0531357,0.0214923,-0.998356,0.145379,0.298061,-0.636817,
-4.12502,-14.244,17.8904,0.420573,0.576723,0.144428,0.348574,-1.79155,-2.06079,-1.65575,-1.86751,-1.03912,0.011083,0.000894822,0.0403053,-0.0450847,0.0107858,-0.00647148,-0.0093352,-0.00804682,0.0119621,-0.0022582,-0.00294051,-0.000952641,0.683177,0.728402,0.0519641,0.728318,-0.684816,0.0240887,0.0531321,0.0213895,-0.998358,0.145358,0.298082,-0.636977,
-4.14253,-14.2186,17.9527,0.418471,0.575146,0.144277,0.348645,-1.79154,-2.06048,-1.65608,-1.86761,-1.03916,0.0137803,0.000894822,0.0416476,-0.0431432,0.00462591,-0.0146687,-0.0080533,-0.0109503,0.0128279,0.0051149,0.00578477,0.000659682,0.68319,0.728387,0.0519943,0.728311,-0.684828,0.0239437,0.0530474,0.0215099,-0.99836,0.145361,0.298052,-0.637111,
-4.09315,-14.238,17.8714,0.420316,0.578993,0.144226,0.348813,-1.79149,-2.06015,-1.65646,-1.86747,-1.0393,0.0123358,0.00109935,0.0393338,-0.0458756,0.0184317,-0.012943,-0.00998036,-0.00717758,0.011782,-0.00324476,-0.00294499,-0.0094927,0.683171,0.728407,0.0519692,0.728331,-0.684807,0.0239487,0.0530333,0.0214897,-0.998361,0.145357,0.298023,-0.637274,
-4.06041,-14.2322,17.9133,0.42006,0.581267,0.144095,0.348849,-1.79152,-2.05982,-1.65682,-1.86735,-1.03932,0.0094212,0.00109935,0.0403309,-0.046355,0.0104742,-0.00496147,-0.009653,-0.00713813,0.0117973,-0.0025144,-0.00461209,-0.00138176,0.683186,0.728393,0.0519783,0.728311,-0.684825,0.02405,0.0531138,0.0214257,-0.998359,0.14536,0.298072,-0.637398,
-4.09383,-14.1981,17.8723,0.415722,0.578464,0.144437,0.348933,-1.79158,-2.05948,-1.65716,-1.86744,-1.03942,0.0133456,0.00109935,0.0392571,-0.0434069,0.00647148,-0.018264,-0.00798263,-0.0101722,0.0117204,0.00668909,0.00486873,-0.0034989,0.683163,0.728408,0.0520594,0.728335,-0.684804,0.0239245,0.0530772,0.0215723,-0.998357,0.145405,0.298048,-0.637525,
-4.10969,-14.2435,17.8719,0.420586,0.578532,0.144008,0.349041,-1.79148,-2.05916,-1.65745,-1.86734,-1.03948,0.00988139,0.00109935,0.0403693,-0.0433829,0.0201335,-0.00925182,-0.0105506,-0.00531854,0.0130235,-0.0075701,-0.00191516,-0.0106927,0.68315,0.728431,0.0519127,0.728356,-0.684782,0.0238987,0.0529575,0.0214846,-0.998366,0.145338,0.298034,-0.637699,
-4.12605,-14.22,17.9342,0.418146,0.577513,0.143863,0.349136,-1.79148,-2.05885,-1.65783,-1.86715,-1.03952,0.0115943,0.00107379,0.0381578,-0.0453962,0.0117685,-0.00431432,-0.00901364,-0.00803397,0.0109226,-0.00329024,-0.00641748,0.000299618,0.68318,0.728402,0.0519226,0.72832,-0.684816,0.0240315,0.053062,0.0213984,-0.998362,0.145346,0.298064,-0.637828,
-4.15748,-14.1668,17.8917,0.413615,0.574136,0.144617,0.349244,-1.79146,-2.05851,-1.65815,-1.8672,-1.03963,0.0107251,0.00595696,0.0396662,-0.0459475,0.00479369,-0.0224584,-0.00733601,-0.00861919,0.0143125,0.00913228,0.00996163,-0.00772967,0.683152,0.728429,0.051907,0.728354,-0.684785,0.0238956,0.0529513,0.0214823,-0.998366,0.14534,0.298026,-0.637984,
-4.13058,-14.149,17.9566,0.414412,0.577419,0.143681,0.349316,-1.79147,-2.05824,-1.65851,-1.86707,-1.03965,0.011377,0.00300405,0.0385029,-0.0447251,0.0204691,-0.00807737,-0.00969976,-0.00592865,0.0129289,-0.00797671,-0.00382076,-0.00865241,0.683185,0.728395,0.0519569,0.728315,-0.684822,0.0239955,0.0530594,0.0214476,-0.998361,0.145359,0.298052,-0.63809,
-4.181,-14.2277,17.9103,0.419672,0.57348,0.144409,0.3494,-1.79147,-2.0579,-1.65886,-1.86698,-1.0397,0.0105845,0,0.0398707,-0.045588,0.0109776,-0.01371,-0.00960911,-0.00778326,0.011088,0.00217313,-0.00103425,-0.00643341,0.683193,0.728388,0.0519439,0.728307,-0.68483,0.0240166,0.0530661,0.0214231,-0.998361,0.145357,0.298062,-0.638231,
-4.15043,-14.1797,17.8742,0.414836,0.574843,0.143766,0.349472,-1.79142,-2.0576,-1.65924,-1.86699,-1.03981,0.0113515,0.00314466,0.0402542,-0.0454682,0.00647148,-0.00848483,-0.00815395,-0.00891426,0.0130706,0.00105414,0.000817691,0.00104976,0.683158,0.728418,0.0519821,0.728341,-0.684795,0.0239625,0.0530518,0.0214906,-0.99836,0.145349,0.29805,-0.638363,
-4.14635,-14.2236,17.8938,0.419081,0.576313,0.143588,0.349555,-1.79137,-2.05722,-1.65957,-1.86697,-1.03978,0.01185,0.00314466,0.037966,-0.0430953,0.0203492,-0.00807737,-0.00931782,-0.00614185,0.0131215,-0.0083202,-0.00263602,-0.00809345,0.683199,0.728387,0.0518781,0.728311,-0.68483,0.0238925,0.0529307,0.0214601,-0.998368,0.145304,0.298043,-0.638544,
-4.19687,-14.2342,17.8273,0.41961,0.573188,0.144723,0.349675,-1.79145,-2.05695,-1.65985,-1.86679,-1.03984,0.0122079,0.00203252,0.0384901,-0.0418969,0.0107858,-0.00115049,-0.00823349,-0.00842236,0.0125008,-0.00599531,-0.00329176,0.00373186,0.683229,0.728356,0.0519139,0.728275,-0.684864,0.0240021,0.0530361,0.0214087,-0.998363,0.145353,0.298057,-0.638645,
-4.24314,-14.1904,17.9322,0.41501,0.570307,0.144187,0.349771,-1.79142,-2.05658,-1.66021,-1.86686,-1.03999,0.010495,0.00141893,0.0381322,-0.0426878,0.00462591,-0.0240883,-0.00790378,-0.00872633,0.0114258,0.0110901,0.00818743,-0.00893106,0.68317,0.728413,0.0519045,0.72834,-0.684801,0.0238527,0.0529188,0.0215087,-0.998367,0.145343,0.298023,-0.638812,
-4.25465,-14.2342,17.9525,0.418918,0.570149,0.143784,0.349867,-1.79141,-2.05631,-1.66056,-1.86669,-1.03997,0.0136013,0.00108657,0.0382089,-0.0432151,0.0227221,-0.00615989,-0.00984672,-0.00690904,0.0120587,-0.0102517,-0.00600098,-0.00675579,0.683234,0.728352,0.0519114,0.728274,-0.684867,0.0239583,0.0530025,0.0214366,-0.998364,0.145347,0.298041,-0.638931,
-4.19015,-14.2776,17.9283,0.42354,0.57446,0.14464,0.349927,-1.79137,-2.05601,-1.66086,-1.86661,-1.04007,0.0125659,0.000882039,0.0372757,-0.04403,0.0102585,-0.0121041,-0.00838932,-0.00885876,0.0106046,0.0018318,-0.00182639,-0.00286451,0.683187,0.7284,0.051855,0.728319,-0.684818,0.0239839,0.0529811,0.0213815,-0.998367,0.145317,0.298056,-0.639066,
-4.2971,-14.1972,17.9742,0.415904,0.566262,0.143559,0.350011,-1.7914,-2.05568,-1.66125,-1.86661,-1.04019,0.00908884,0.000741424,0.0380939,-0.043311,0.00615989,-0.0143811,-0.00856532,-0.00764153,0.0109188,0.00528218,0.00162657,-0.00493674,0.683157,0.728423,0.0519325,0.728346,-0.684791,0.0239454,0.0530053,0.0214664,-0.998363,0.145348,0.29805,-0.639191,
-4.25695,-14.2518,17.8883,0.419439,0.570152,0.144543,0.35013,-1.7914,-2.0554,-1.66165,-1.86654,-1.04017,0.0133329,0.000639159,0.0379532,-0.0438383,0.0209005,-0.00517719,-0.00977436,-0.00717335,0.0114081,-0.00912729,-0.00731145,-0.00506708,0.683254,0.728325,0.0520229,0.728249,-0.684894,0.0239591,0.0530801,0.0215155,-0.998358,0.145382,0.298037,-0.639312,
-4.1358,-14.3127,17.9707,0.424635,0.578281,0.144319,0.35019,-1.79141,-2.0551,-1.66196,-1.86638,-1.04033,0.0100987,0.00056246,0.0367005,-0.0436705,0.00925182,-0.0173532,-0.00865393,-0.00756643,0.0101371,0.00552817,0.000579164,-0.00812514,0.683163,0.728412,0.0519999,0.72833,-0.684804,0.0240704,0.0531429,0.0214291,-0.998357,0.145378,0.298075,-0.639432,
-4.20126,-14.1911,17.9139,0.415691,0.571936,0.143772,0.35031,-1.79141,-2.05483,-1.6623,-1.86647,-1.04037,0.0126681,0.000498544,0.0384134,-0.0455401,0.00431432,-0.00862864,-0.00797525,-0.0102983,0.0103227,0.00411818,-0.00287516,0.0038113,0.683213,0.728359,0.0520921,0.728286,-0.684856,0.0239213,0.0530989,0.0215946,-0.998356,0.145414,0.298019,-0.639548,
-4.15417,-14.2286,17.8496,0.418046,0.576172,0.14458,0.350418,-1.7914,-2.05452,-1.66268,-1.86629,-1.04039,0.00902492,0.000472977,0.0368539,-0.0453483,0.0248073,-0.00436226,-0.0110792,-0.00377693,0.0105625,-0.0111773,-0.0112733,-0.011624,0.683256,0.728318,0.0520956,0.72824,-0.684901,0.0240302,0.0531819,0.0215193,-0.998353,0.145417,0.298038,-0.639683,
-4.12643,-14.2349,17.9113,0.421283,0.578286,0.144254,0.350478,-1.79134,-2.05417,-1.66298,-1.8662,-1.04051,0.0133712,0.000472977,0.0392443,-0.0424961,0.00970722,-0.021236,-0.00838569,-0.00955012,0.0117554,0.00609008,0.00585034,-0.00777701,0.683179,0.728399,0.0519739,0.728317,-0.684818,0.0240356,0.0531001,0.0214328,-0.998359,0.145359,0.298053,-0.639847,
-4.13966,-14.1947,17.8521,0.41571,0.5761,0.144171,0.350585,-1.79136,-2.05389,-1.66328,-1.86622,-1.0405,0.00953625,0.000472977,0.0384518,-0.0408422,0.00587227,-0.00647148,-0.0083072,-0.00793123,0.01153,0.000309276,7.75747e-05,0.00100904,0.68325,0.72833,0.0520123,0.728253,-0.684889,0.0239543,0.0530693,0.0215113,-0.998359,0.145387,0.298024,-0.63997,
-4.15814,-14.2402,17.9321,0.418299,0.574848,0.144247,0.350669,-1.79136,-2.05357,-1.66363,-1.86613,-1.04061,0.0112748,0.000472977,0.0394105,-0.0434308,0.0186475,-0.0242081,-0.0100411,-0.00647864,0.0120835,0.0020939,0.00449133,-0.0182515,0.683219,0.728358,0.0520216,0.728281,-0.684859,0.0239823,0.0530951,0.0215012,-0.998358,0.145391,0.298032,-0.6401,
-4.10167,-14.288,17.8917,0.424189,0.579978,0.143832,0.350765,-1.79134,-2.05324,-1.66401,-1.86598,-1.04067,0.0114537,0.00107379,0.0394489,-0.0441499,0.00925182,-0.00795753,-0.00869838,-0.00850238,0.0118368,-0.000516032,-0.00158619,-0.000483584,0.683224,0.728355,0.0519999,0.728272,-0.684865,0.0240668,0.0531421,0.021427,-0.998357,0.14538,0.298052,-0.640247,
-4.12151,-14.1839,17.8925,0.415149,0.575599,0.14443,0.350824,-1.79136,-2.05293,-1.66434,-1.86604,-1.04072,0.0109168,0.00107379,0.0385924,-0.0461153,0.00431432,-0.00680704,-0.00820516,-0.00922134,0.0106631,0.00307322,-0.00363362,0.0032784,0.683228,0.728348,0.0520516,0.728271,-0.68487,0.0239759,0.0531113,0.0215267,-0.998357,0.145399,0.298041,-0.640368,
-4.05579,-14.2018,17.9551,0.417022,0.580885,0.144146,0.350944,-1.79133,-2.05265,-1.66475,-1.86598,-1.04078,0.012029,0.00107379,0.0390015,-0.0430713,0.0214038,-0.0126553,-0.0100115,-0.00627755,0.0124766,-0.00616444,-0.00152677,-0.0117379,0.683261,0.728312,0.0521239,0.728237,-0.684906,0.0239709,0.0531583,0.0215802,-0.998353,0.145415,0.298019,-0.640493,
-4.07253,-14.2933,17.8694,0.42449,0.581112,0.144451,0.351016,-1.79129,-2.05232,-1.66503,-1.86587,-1.04091,0.00953625,0.00107379,0.0381066,-0.0396678,0.00862864,-0.0117685,-0.00833918,-0.00724971,0.0121575,0.000881124,0.00344825,-0.00450605,0.683185,0.728391,0.0520161,0.728312,-0.684825,0.0239972,0.0531013,0.0214895,-0.998358,0.145372,0.298035,-0.640648,
-4.15671,-14.1612,17.9348,0.413329,0.573179,0.144033,0.351076,-1.7913,-2.05198,-1.66538,-1.86587,-1.04086,0.0125019,0.00107379,0.0400497,-0.0445334,0.00417051,-0.00479369,-0.00794528,-0.0102315,0.011823,0.00103271,-0.00176859,0.00631336,0.683255,0.728323,0.0520389,0.728248,-0.684895,0.0239594,0.0530914,0.0215269,-0.998358,0.145379,0.298039,-0.640782,
-4.13535,-14.209,17.9132,0.417558,0.577214,0.144042,0.351196,-1.79133,-2.05166,-1.66571,-1.86575,-1.04098,0.0108273,0.000933172,0.0401264,-0.0449169,0.0217154,-0.0126314,-0.0106269,-0.00562373,0.0125794,-0.00608466,-0.00242685,-0.0131466,0.68323,0.728347,0.0520277,0.728269,-0.684871,0.023992,0.0531068,0.0214981,-0.998357,0.145394,0.298039,-0.640921,
-4.09192,-14.2998,17.89,0.425087,0.580474,0.144254,0.351279,-1.79133,-2.05132,-1.6661,-1.86564,-1.04102,0.0128982,0.000779774,0.0385668,-0.0441978,0.00994691,-0.0107858,-0.00844754,-0.00921456,0.0112211,0.000986232,-0.00146721,-0.00142915,0.683254,0.728323,0.0520522,0.728242,-0.684898,0.0240499,0.0531665,0.0214744,-0.998355,0.145401,0.298056,-0.641058,
-4.1462,-14.2057,17.9345,0.416605,0.574801,0.143836,0.351363,-1.79129,-2.05101,-1.66646,-1.86568,-1.04105,0.0112748,0.000703075,0.0407528,-0.0451326,0.00445813,-0.00462591,-0.00844021,-0.00952302,0.0118495,0.000846297,-0.0021739,0.00499269,0.683275,0.728302,0.0520752,0.728227,-0.684917,0.0239563,0.0531146,0.0215538,-0.998356,0.145395,0.298032,-0.641197,
-4.1438,-14.197,17.8495,0.416651,0.576704,0.144797,0.351459,-1.79131,-2.05076,-1.66675,-1.86556,-1.04117,0.0109552,0.000703075,0.0389759,-0.0416092,0.0211402,-0.0157233,-0.0100968,-0.00566759,0.0125804,-0.00468908,0.00108983,-0.0146777,0.683243,0.72833,0.0520962,0.728252,-0.684888,0.0240168,0.0531722,0.0215298,-0.998353,0.145416,0.298038,-0.641301,
-4.14677,-14.2535,17.8929,0.421792,0.576875,0.143587,0.351567,-1.79127,-2.05041,-1.6671,-1.86541,-1.04123,0.00908884,0.00230097,0.0401903,-0.0404108,0.0107858,-0.00862864,-0.0087448,-0.0065595,0.0140017,-0.00311916,0.00374063,-0.00439519,0.683244,0.728336,0.0520117,0.728254,-0.684885,0.0240603,0.053146,0.0214387,-0.998357,0.145382,0.298044,-0.641467,
-4.18914,-14.0911,17.896,0.409568,0.573285,0.143772,0.351627,-1.79129,-2.05005,-1.66748,-1.86554,-1.04127,0.0114537,0.00230097,0.0409317,-0.044845,0.00462591,-0.00424242,-0.00802126,-0.00945287,0.0130393,-0.000181562,-0.000471232,0.00530819,0.68326,0.728315,0.0520955,0.728243,-0.684902,0.0239036,0.0530896,0.0216059,-0.998356,0.145406,0.298021,-0.641605,
-4.21179,-14.1932,17.8701,0.417599,0.572384,0.144345,0.351722,-1.79125,-2.04967,-1.6678,-1.86538,-1.04145,0.0114026,0.00203252,0.0396278,-0.0434788,0.0218113,-0.0198938,-0.0100291,-0.00577815,0.0133703,-0.00290845,0.00314824,-0.0175012,0.683158,0.72842,0.0519606,0.728342,-0.684794,0.0239662,0.0530398,0.0214724,-0.998362,0.145359,0.298042,-0.641785,
-4.20257,-14.2489,17.9527,0.420485,0.572657,0.143818,0.35177,-1.79124,-2.04941,-1.66815,-1.86523,-1.04142,0.00966408,0.00141893,0.0405354,-0.0395,0.0107858,-0.00680704,-0.00880644,-0.00697307,0.013858,-0.0042353,0.00316422,-0.00260132,0.683208,0.728371,0.0519853,0.728287,-0.684849,0.0240881,0.0531471,0.021403,-0.998357,0.145358,0.29808,-0.641888,
-4.26023,-14.2482,17.8881,0.420117,0.569035,0.144531,0.351854,-1.79127,-2.04908,-1.66849,-1.86528,-1.04146,0.0126937,0.00108657,0.0397685,-0.0389008,0.00462591,-0.00397876,-0.00735573,-0.010047,0.013069,-0.00155289,0.00274184,0.00672435,0.683233,0.728344,0.0520338,0.728267,-0.684874,0.0239904,0.0531099,0.0215035,-0.998357,0.14538,0.29806,-0.642018,
-4.22569,-14.2954,17.9308,0.424041,0.571245,0.143769,0.351986,-1.79127,-2.04877,-1.66881,-1.86518,-1.04159,0.0109935,0.000882039,0.0395639,-0.0427118,0.0185516,-0.0171135,-0.00986575,-0.00628008,0.0126355,-0.00211754,0.00209832,-0.0137204,0.683204,0.728372,0.0520183,0.728295,-0.684844,0.0239873,0.0530961,0.0214964,-0.998358,0.145388,0.298043,-0.642162,
-4.21981,-14.2105,17.9117,0.418784,0.572047,0.14397,0.352094,-1.79129,-2.04847,-1.66919,-1.86508,-1.04155,0.0132562,0.000741424,0.0395384,-0.0437664,0.00994691,-0.00647148,-0.00844817,-0.00947498,0.011849,-0.00181654,-0.00238215,0.00181439,0.683301,0.728276,0.0520872,0.728197,-0.684946,0.0240406,0.0531852,0.0215028,-0.998353,0.145422,0.298046,-0.642281,
-4.23088,-14.1411,17.8698,0.413724,0.570845,0.144749,0.352177,-1.79124,-2.04812,-1.66952,-1.86508,-1.04166,0.00977913,0.000639159,0.0398707,-0.0414894,0.00445813,-0.015963,-0.00821922,-0.00845548,0.0122292,0.00606603,0.00611853,-0.00408982,0.683254,0.728325,0.0520229,0.728249,-0.684894,0.0239583,0.0530796,0.021516,-0.998358,0.145387,0.29803,-0.642444,
-4.20453,-14.1488,17.9355,0.414027,0.572378,0.143593,0.352273,-1.79127,-2.04784,-1.66988,-1.86497,-1.04177,0.0137675,0.00056246,0.0400241,-0.0404348,0.0168498,-0.00747816,-0.00905241,-0.00828548,0.0131441,-0.00705484,-0.000121537,-0.00328348,0.683238,0.728336,0.0520808,0.728258,-0.684882,0.0240172,0.0531618,0.0215188,-0.998354,0.145416,0.298038,-0.642558,
-4.13303,-14.2191,17.8704,0.419762,0.576996,0.144405,0.352345,-1.79119,-2.04749,-1.67019,-1.86487,-1.04176,0.0117222,0.000498544,0.0377615,-0.0398356,0.00862864,-0.00747816,-0.00797952,-0.00861375,0.0116162,-0.00106476,0.000239317,0.000549104,0.683263,0.728321,0.0519554,0.72824,-0.684901,0.0240251,0.0530823,0.0214205,-0.99836,0.145354,0.298049,-0.642726,
-4.19546,-14.2053,17.9321,0.417219,0.57284,0.144219,0.352441,-1.79123,-2.04718,-1.67052,-1.86487,-1.04184,0.00943398,0.000485761,0.039679,-0.0414175,0.00424242,-0.0126314,-0.00824422,-0.00829316,0.012045,0.00449644,0.00422005,-0.00205161,0.683262,0.728319,0.0520119,0.728242,-0.684901,0.0239708,0.0530814,0.0214989,-0.998359,0.145386,0.298033,-0.642851,
-4.1692,-14.2136,17.9143,0.417831,0.574566,0.143592,0.352537,-1.79121,-2.04685,-1.67085,-1.86473,-1.04195,0.0127832,0.000485761,0.0394233,-0.0419208,0.0208286,-0.0117685,-0.00981205,-0.00689512,0.0126313,-0.00659284,-0.000936149,-0.00998335,0.683224,0.728358,0.0519493,0.728277,-0.684862,0.0240308,0.0530811,0.0214151,-0.998361,0.145364,0.298046,-0.642998,
-4.12142,-14.3057,17.9092,0.424702,0.57818,0.144459,0.35262,-1.79121,-2.04658,-1.67122,-1.8647,-1.04195,0.0104055,0.000485761,0.038145,-0.0427118,0.00762197,-0.00479369,-0.0084029,-0.00814686,0.0110895,-0.000992445,-0.00323406,0.00174815,0.683283,0.728297,0.0520313,0.728218,-0.684924,0.0240182,0.0531299,0.0214789,-0.998357,0.145388,0.298038,-0.643109,
-4.15967,-14.1928,17.9743,0.416356,0.573946,0.144081,0.352716,-1.79121,-2.04628,-1.67155,-1.86464,-1.04205,0.0108529,0.000485761,0.0393338,-0.0435507,0.0040267,-0.0129669,-0.00809245,-0.00925222,0.0113512,0.00567756,0.00211621,-0.000702944,0.683267,0.728311,0.0520484,0.728232,-0.684909,0.0240145,0.0531385,0.021495,-0.998356,0.145397,0.298032,-0.643238,
-4.17426,-14.1522,17.9133,0.414025,0.572929,0.144208,0.352788,-1.79125,-2.04598,-1.67191,-1.86454,-1.04213,0.0116583,0.000485761,0.0374291,-0.0415853,0.0198938,-0.0117685,-0.00956845,-0.00629335,0.0115973,-0.00540002,-0.00226849,-0.0104418,0.683258,0.728315,0.0521162,0.728233,-0.684906,0.0240948,0.0532433,0.0214898,-0.99835,0.145432,0.298057,-0.643345,
-4.12359,-14.2765,17.9529,0.422952,0.577852,0.143881,0.352896,-1.79119,-2.04564,-1.67223,-1.86449,-1.04211,0.0115049,0.000485761,0.0390654,-0.0417291,0.00719054,-0.00479369,-0.00817025,-0.00891669,0.0118053,-0.00136524,-0.00134494,0.00315565,0.683316,0.728266,0.0520278,0.728186,-0.684958,0.0240369,0.0531421,0.0214611,-0.998356,0.145391,0.298036,-0.643512,
-4.1447,-14.1945,17.933,0.41668,0.575952,0.144262,0.352956,-1.79119,-2.04534,-1.6726,-1.86449,-1.04226,0.00897379,0.000485761,0.0397812,-0.043335,0.00381098,-0.0154597,-0.0084394,-0.00817606,0.0116417,0.00694299,0.00405757,-0.00409553,0.683246,0.728328,0.0520946,0.72825,-0.68489,0.0240126,0.0531681,0.0215314,-0.998353,0.145405,0.298037,-0.64363,
-4.12894,-14.2087,17.8934,0.416589,0.577365,0.144023,0.35304,-1.79121,-2.04503,-1.67293,-1.86433,-1.0423,0.0131283,0.000485761,0.0377615,-0.0416811,0.0195822,-0.0107858,-0.00930033,-0.00726918,0.0117466,-0.00580796,-0.0024738,-0.00809205,0.683265,0.728311,0.0520833,0.728228,-0.684911,0.0241097,0.0532318,0.0214552,-0.998352,0.145408,0.298063,-0.643758,
-4.05742,-14.3251,17.9107,0.427216,0.583487,0.144102,0.353135,-1.79122,-2.04471,-1.67328,-1.86432,-1.04232,0.00979191,0.000485761,0.038618,-0.0400033,0.00719054,-0.00462591,-0.00824736,-0.00779782,0.0119825,-0.00189643,-0.000231351,0.00155455,0.683302,0.728273,0.0521146,0.728193,-0.684949,0.0240601,0.0532181,0.0215092,-0.998351,0.145424,0.298048,-0.643893,
-4.10236,-14.2129,17.8709,0.417229,0.577941,0.144636,0.353219,-1.79117,-2.0444,-1.67362,-1.8643,-1.04243,0.0101243,0.000472977,0.0391549,-0.0407703,0.00381098,-0.0186235,-0.00788865,-0.00875296,0.0119144,0.00799345,0.00747175,-0.00506222,0.683263,0.728312,0.0520872,0.728234,-0.684907,0.0240139,0.0531645,0.0215239,-0.998354,0.1454,0.298036,-0.644038,
-4.1384,-14.1436,17.9375,0.413143,0.5748,0.143427,0.353339,-1.79119,-2.04406,-1.67395,-1.8642,-1.04245,0.0121696,0.000472977,0.0379277,-0.0412257,0.019774,-0.00862864,-0.00947227,-0.00664497,0.0119547,-0.00731178,-0.00304798,-0.00774504,0.683308,0.72827,0.0520832,0.728191,-0.684953,0.0240237,0.0531703,0.0215109,-0.998354,0.145415,0.29803,-0.644182,
-4.09993,-14.2895,17.9097,0.424173,0.580355,0.144484,0.353399,-1.79117,-2.04375,-1.67424,-1.86412,-1.04252,0.0107379,0.000472977,0.0393722,-0.0407943,0.00994691,0,-0.00860542,-0.00786921,0.0123421,-0.00619491,-0.00329688,0.00362481,0.683277,0.728304,0.0520157,0.728223,-0.684918,0.0240458,0.0531391,0.0214491,-0.998357,0.145385,0.298046,-0.64432,
-4.16755,-14.1866,17.9128,0.415418,0.574583,0.144221,0.353495,-1.79116,-2.04345,-1.67464,-1.86418,-1.04269,0.0101498,0.000472977,0.0377998,-0.0405546,0.00445813,-0.0161787,-0.00774301,-0.00855706,0.0112772,0.006638,0.00500427,-0.00386353,0.683219,0.728351,0.0521115,0.728278,-0.684864,0.0239411,0.0531268,0.0215946,-0.998354,0.145409,0.298012,-0.644446,
-4.20351,-14.2179,17.9535,0.418415,0.57212,0.143816,0.353602,-1.79113,-2.04314,-1.67495,-1.86403,-1.0426,0.0118628,0.00123997,0.0387202,-0.0406745,0.0231775,-0.00862864,-0.00983335,-0.00570916,0.0131784,-0.0102727,-0.00189458,-0.0104862,0.683337,0.728245,0.052049,0.728168,-0.684979,0.0239914,0.0531241,0.0215062,-0.998356,0.145389,0.298016,-0.644592,
-4.16401,-14.3619,17.8649,0.429142,0.577087,0.144797,0.35365,-1.79113,-2.04284,-1.67533,-1.8639,-1.04268,0.0110574,0.00123997,0.0398707,-0.0428316,0.00925182,-0.00417051,-0.00851289,-0.0082333,0.0125862,-0.00320857,-0.00173451,0.00164999,0.683311,0.728267,0.0520882,0.728184,-0.684958,0.0241057,0.0532336,0.0214581,-0.998352,0.145394,0.298056,-0.644705,
-4.23473,-14.1979,17.9125,0.416262,0.569868,0.143951,0.353758,-1.79116,-2.04249,-1.67563,-1.86396,-1.04279,0.00968965,0.00123997,0.0387075,-0.0422564,0.00431432,-0.0249272,-0.00789315,-0.0083446,0.0118495,0.0114858,0.00945932,-0.010075,0.683286,0.728291,0.0520858,0.728216,-0.684929,0.0239615,0.053126,0.0215572,-0.998355,0.145406,0.298018,-0.644857,
-4.22441,-14.2236,17.9334,0.419338,0.571302,0.143569,0.353854,-1.79116,-2.0422,-1.676,-1.86379,-1.04279,0.0132945,0.00123997,0.0398835,-0.0412018,0.0227221,-0.0131107,-0.00971027,-0.00675091,0.0136658,-0.00775951,0.00108694,-0.0117296,0.683345,0.728233,0.0521154,0.728153,-0.684992,0.0240743,0.0532304,0.0214969,-0.998351,0.145419,0.298038,-0.644975,
-4.18532,-14.263,17.8684,0.423316,0.575029,0.144366,0.353962,-1.79115,-2.04188,-1.67635,-1.86371,-1.04279,0.0111341,0.0011377,0.0399858,-0.0403868,0.0117685,0.00393083,-0.00862833,-0.007692,0.0133002,-0.0101016,-0.00415747,0.00534678,0.6834,0.728182,0.0521039,0.728101,-0.685047,0.0240782,0.053227,0.0214819,-0.998351,0.145416,0.298032,-0.645119,
-4.22245,-14.1368,17.9337,0.412143,0.57022,0.144197,0.35401,-1.79121,-2.04158,-1.67671,-1.86377,-1.04296,0.00956181,0.000907605,0.0396918,-0.0408902,0,-0.0292894,-0.00743104,-0.00919396,0.0122854,0.0159837,0.0146152,-0.0100329,0.683325,0.728244,0.0522317,0.728169,-0.684977,0.0240186,0.053269,0.021621,-0.998346,0.145466,0.298031,-0.645219,
-4.20787,-14.1936,17.8501,0.417272,0.572561,0.144324,0.354105,-1.79116,-2.04131,-1.67702,-1.86365,-1.04297,0.0130261,0.00076699,0.0401519,-0.0412257,0.0284745,-0.00632767,-0.01066,-0.0054593,0.0138044,-0.0151254,-0.00397123,-0.011576,0.68336,0.728214,0.0521877,0.728135,-0.685011,0.0240591,0.0532693,0.0215587,-0.998347,0.145441,0.298031,-0.645352,
-4.14406,-14.271,17.9108,0.424265,0.578387,0.144036,0.354213,-1.79115,-2.04098,-1.67737,-1.86357,-1.04303,0.00974078,0.000651942,0.040855,-0.0406984,0.00719054,-0.00210922,-0.00854299,-0.00789456,0.0131662,-0.00384933,8.75561e-05,0.00318595,0.683372,0.728204,0.0521754,0.728125,-0.685022,0.0240624,0.0532636,0.0215466,-0.998348,0.145439,0.298024,-0.645496,
-4.2085,-14.1343,17.9151,0.412495,0.57147,0.14377,0.354297,-1.79117,-2.04065,-1.6777,-1.8636,-1.0431,0.010495,0.000575243,0.040088,-0.040986,0.00414654,-0.0181921,-0.00793663,-0.00895783,0.0124851,0.00725877,0.00793959,-0.00464213,0.683367,0.728205,0.0522097,0.728132,-0.685017,0.0239725,0.0532215,0.0216335,-0.998348,0.145456,0.298007,-0.645633,
-4.21224,-14.1633,17.871,0.415528,0.571847,0.144344,0.354357,-1.79115,-2.04032,-1.67803,-1.86343,-1.04314,0.0118628,0.000511327,0.0401903,-0.0394281,0.0231056,-0.00647148,-0.0100561,-0.00582753,0.0138286,-0.0120751,-0.00111904,-0.0089954,0.683364,0.728214,0.05214,0.728133,-0.685013,0.0240824,0.0532537,0.0215078,-0.998349,0.145424,0.298045,-0.645773,
-4.15252,-14.2551,17.9509,0.423072,0.576925,0.144279,0.354441,-1.79117,-2.04006,-1.67838,-1.86336,-1.04321,0.0117605,0.000460194,0.0390782,-0.0396198,0.00719054,-0.00412257,-0.00785347,-0.00900756,0.0123504,-0.00244764,0.000275104,0.00385827,0.683371,0.728202,0.0522189,0.728121,-0.685024,0.0241191,0.0533348,0.0215394,-0.998344,0.145457,0.298048,-0.645874,
-4.20861,-14.1665,17.8711,0.41519,0.572406,0.14435,0.354572,-1.79116,-2.0397,-1.6787,-1.86342,-1.04334,0.0103416,0.000421845,0.0403948,-0.0412976,0.00464988,-0.0181921,-0.00812741,-0.00880226,0.0125147,0.00698393,0.00766861,-0.00515591,0.683336,0.728236,0.0521951,0.728164,-0.684985,0.0239504,0.0531944,0.0216405,-0.99835,0.145454,0.297995,-0.646043,
-4.16068,-14.1925,17.893,0.41667,0.574144,0.143986,0.354632,-1.79118,-2.03938,-1.67902,-1.86325,-1.04328,0.0118756,0.000383495,0.0407655,-0.0412737,0.0206368,0,-0.0100008,-0.00645222,0.0135044,-0.0134788,-0.00512393,-0.00288796,0.68341,0.728168,0.0521691,0.728088,-0.68506,0.0240736,0.0532686,0.0215316,-0.998348,0.145452,0.298038,-0.64617,
-4.09996,-14.263,17.8902,0.422079,0.580578,0.144465,0.354716,-1.79116,-2.03903,-1.67939,-1.86318,-1.04342,0.0116199,0.000357929,0.0406888,-0.0412737,0.00680704,-0.0260058,-0.00822004,-0.00915255,0.012754,0.00972101,0.011352,-0.0106494,0.683347,0.728229,0.0521496,0.728149,-0.684996,0.0240797,0.0532578,0.0215179,-0.998349,0.145436,0.298043,-0.646322,
-4.1225,-14.1434,17.8736,0.413473,0.57642,0.144206,0.354824,-1.79113,-2.03871,-1.67971,-1.86318,-1.04347,0.0094212,0.000332363,0.0416731,-0.040243,0.0053929,-0.00680704,-0.00848417,-0.0081288,0.0134467,-0.00045509,0.00380333,0.00100876,0.683361,0.728218,0.0521179,0.728142,-0.685007,0.0239896,0.0531707,0.0215556,-0.998353,0.145423,0.298013,-0.646473,
-4.13622,-14.1337,17.8954,0.413205,0.57633,0.143808,0.35492,-1.79118,-2.03836,-1.68005,-1.86301,-1.04354,0.0136013,0.000306796,0.0410212,-0.0394521,0.0174011,-0.00436226,-0.00912553,-0.00812615,0.0138732,-0.00968693,-0.000249294,-0.00176628,0.683362,0.728217,0.0521153,0.728136,-0.68501,0.0240926,0.0532441,0.0214831,-0.99835,0.145443,0.298041,-0.64661,
-4.0873,-14.2275,17.8498,0.420064,0.580321,0.14463,0.355015,-1.79115,-2.03807,-1.68032,-1.86299,-1.04366,0.0106739,0.00028123,0.039794,-0.0386132,0.0063037,-0.0152439,-0.0079598,-0.00855195,0.0128378,0.00362692,0.00758699,-0.00403574,0.683314,0.728267,0.0520553,0.728187,-0.684957,0.024028,0.0531544,0.0214874,-0.998355,0.145418,0.298018,-0.64675,
-4.15378,-14.1762,17.9552,0.415503,0.574112,0.143853,0.355039,-1.79117,-2.03772,-1.68069,-1.86294,-1.04366,0.00940842,0.000268447,0.0413919,-0.0400033,0.00872452,-0.00680704,-0.0088653,-0.00741586,0.0134884,-0.00260077,0.00289388,-0.00138775,0.683333,0.728247,0.0520854,0.728166,-0.684978,0.0240691,0.0532056,0.0214796,-0.998353,0.145421,0.298056,-0.646876,
-4.14562,-14.2657,17.9328,0.421387,0.5759,0.143837,0.355159,-1.79113,-2.0374,-1.68101,-1.86282,-1.04367,0.0125019,0.000255663,0.0410723,-0.0412497,0.0147885,-0.00381098,-0.00915868,-0.00806875,0.0133202,-0.00764935,-0.00158334,-0.00062752,0.683376,0.728211,0.0520193,0.728127,-0.685019,0.0240847,0.0531729,0.0214178,-0.998356,0.145397,0.298047,-0.647032,
-4.11275,-14.2895,17.9309,0.423523,0.578526,0.144282,0.355267,-1.79113,-2.03708,-1.68134,-1.86277,-1.04384,0.00741424,0.00024288,0.0408934,-0.0427597,0.0105701,-0.0201095,-0.00966193,-0.00589646,0.0126479,0.00454329,0.00612802,-0.013604,0.683309,0.728275,0.0520071,0.728193,-0.68495,0.0240506,0.0531377,0.0214372,-0.998357,0.145399,0.298031,-0.647176,
-4.17071,-14.2592,17.9531,0.42044,0.574736,0.143845,0.355363,-1.79111,-2.03678,-1.68168,-1.86275,-1.04382,0.0137036,0.000230097,0.0426447,-0.0422803,0.00462591,-0.00647148,-0.00791095,-0.0110177,0.0134052,0.00027151,0.00272158,0.00606379,0.683379,0.728208,0.0520235,0.728128,-0.68502,0.0240089,0.0531206,0.0214726,-0.998357,0.145397,0.298014,-0.64731,
-4.14747,-14.2087,17.8712,0.416902,0.575376,0.144393,0.355435,-1.79115,-2.03644,-1.68201,-1.86264,-1.04389,0.00871812,0.000217314,0.0418649,-0.0408422,0.019774,-0.00405067,-0.010585,-0.0047733,0.0140811,-0.0111879,-0.00158713,-0.00813885,0.683365,0.728221,0.052016,0.728139,-0.685007,0.0240655,0.0531563,0.0214293,-0.998356,0.145406,0.298038,-0.647441,
-4.09885,-14.26,17.9131,0.421466,0.579798,0.14386,0.355482,-1.79115,-2.03608,-1.68234,-1.86255,-1.04403,0.012323,0.000204531,0.0406888,-0.04252,0.00994691,-0.0185036,-0.00861359,-0.00899018,0.0125481,0.00408346,0.00545799,-0.00717555,0.683279,0.728306,0.0519674,0.72822,-0.684919,0.024115,0.0531565,0.0213664,-0.998358,0.145383,0.29807,-0.647588,
-4.17272,-14.1996,17.9141,0.415984,0.573457,0.143794,0.355602,-1.79115,-2.03576,-1.68267,-1.86261,-1.04402,0.0125659,0.000191748,0.0420311,-0.0423043,0.00445813,0,-0.00801104,-0.010335,0.0130451,-0.00289176,-0.0011609,0.00937656,0.68335,0.728237,0.0519864,0.72816,-0.684988,0.0239691,0.0530653,0.0214751,-0.99836,0.145395,0.298022,-0.647735,
-4.17468,-14.2596,17.8896,0.421077,0.574753,0.144396,0.355686,-1.79115,-2.03541,-1.68298,-1.86244,-1.04413,0.0114537,0.000191748,0.0411363,-0.0400752,0.01975,-0.0254545,-0.00989213,-0.00637769,0.0138616,0.00042723,0.00930261,-0.01971,0.683305,0.728286,0.0519061,0.728202,-0.68494,0.0240574,0.0530732,0.0213596,-0.998362,0.145373,0.29805,-0.647886,
-4.17366,-14.3179,17.9511,0.425561,0.575277,0.14384,0.355806,-1.79117,-2.0351,-1.68333,-1.86243,-1.04418,0.0121312,0.000178964,0.0394489,-0.0432391,0.00719054,-0.00719054,-0.00817242,-0.00940774,0.0115611,0.000446745,-0.00148101,0.00217512,0.683341,0.728248,0.0519596,0.728168,-0.684979,0.0239965,0.0530666,0.0214375,-0.998361,0.145403,0.298022,-0.648017,
-4.23218,-14.2282,17.8891,0.418001,0.570577,0.144557,0.355842,-1.79111,-2.03476,-1.68367,-1.8624,-1.04423,0.00917832,0.000178964,0.0410212,-0.0434788,0.00639958,-0.00429035,-0.0088536,-0.00786621,0.0123196,-0.00107194,-0.00151341,0.00172894,0.683316,0.728275,0.0519096,0.728195,-0.684951,0.0239793,0.0530191,0.0214149,-0.998364,0.145356,0.298036,-0.648166,
-4.21245,-14.2652,17.9512,0.421992,0.572134,0.144016,0.355961,-1.79117,-2.03449,-1.68397,-1.86234,-1.04431,0.0132306,0.000166181,0.0403437,-0.040267,0.00517719,-0.0134942,-0.00754406,-0.0104363,0.0126479,0.00384035,0.00582507,0.000496338,0.683329,0.728258,0.0519714,0.72818,-0.684967,0.0239713,0.053056,0.0214642,-0.998361,0.145405,0.298019,-0.648275,
-4.19822,-14.2044,17.9546,0.41755,0.572668,0.143616,0.356069,-1.79115,-2.03419,-1.68431,-1.8622,-1.04433,0.00980469,0.000166181,0.0388864,-0.0451326,0.0107858,-0.00807737,-0.00916702,-0.00729036,0.010988,-0.00056453,-0.00422095,-0.00331743,0.683366,0.728226,0.0519422,0.728144,-0.685003,0.0240321,0.0530814,0.0213987,-0.998361,0.145394,0.298023,-0.648412,
-4.18186,-14.202,17.8908,0.417578,0.573703,0.14439,0.356069,-1.79115,-2.03419,-1.68431,-1.8622,-1.04433,0.00980469,0.000166181,0.0388864,-0.0451326,0.0107858,-0.00807737,-0.00916702,-0.00729036,0.010988,-0.00056453,-0.00422095,-0.00331743,0.683366,0.728226,0.0519422,0.728144,-0.685003,0.0240321,0.0530814,0.0213987,-0.998361,0.145394,0.298023,-0.648412,
-4.18186,-14.202,17.8908,0.417578,0.573703,0.14439,0.356069,-1.79115,-2.03419,-1.68431,-1.8622,-1.04433,0.00980469,0.000166181,0.0388864,-0.0451326,0.0107858,-0.00807737,-0.00916702,-0.00729036,0.010988,-0.00056453,-0.00422095,-0.00331743,0.683366,0.728226,0.0519422,0.728144,-0.685003,0.0240321,0.0530814,0.0213987,-0.998361,0.145394,0.298023,-0.648412,
-4.18186,-14.202,17.8908,0.417578,0.573703,0.14439,0.356069,-1.79115,-2.03419,-1.68431,-1.8622,-1.04433,0.00980469,0.000166181,0.0388864,-0.0451326,0.0107858,-0.00807737,-0.00916702,-0.00729036,0.010988,-0.00056453,-0.00422095,-0.00331743,0.683366,0.728226,0.0519422,0.728144,-0.685003,0.0240321,0.0530814,0.0213987,-0.998361,0.145394,0.298023,-0.648412,
-4.18186,-14.202,17.8908,0.417578,0.573703,0.14439,0.356069,-1.79115,-2.03419,-1.68431,-1.8622,-1.04433,0.00980469,0.000166181,0.0388864,-0.0451326,0.0107858,-0.00807737,-0.00916702,-0.00729036,0.010988,-0.00056453,-0.00422095,-0.00331743,0.683366,0.728226,0.0519422,0.728144,-0.685003,0.0240321,0.0530814,0.0213987,-0.998361,0.145394,0.298023,-0.648412,
-4.18186,-14.202,17.8908,0.417578,0.573703,0.14439,0.356069,-1.79115,-2.03419,-1.68431,-1.8622,-1.04433,0.00980469,0.000166181,0.0388864,-0.0451326,0.0107858,-0.00807737,-0.00916702,-0.00729036,0.010988,-0.00056453,-0.00422095,-0.00331743,0.683366,0.728226,0.0519422,0.728144,-0.685003,0.0240321,0.0530814,0.0213987,-0.998361,0.145394,0.298023,-0.648412,
-4.18186,-14.202,17.8908,0.417578,0.573703,0.14439,0.356069,-1.79115,-2.03419,-1.68431,-1.8622,-1.04433,0.00980469,0.000166181,0.0388864,-0.0451326,0.0107858,-0.00807737,-0.00916702,-0.00729036,0.010988,-0.00056453,-0.00422095,-0.00331743,0.683366,0.728226,0.0519422,0.728144,-0.685003,0.0240321,0.0530814,0.0213987,-0.998361,0.145394,0.298023,-0.648412,
-4.18186,-14.202,17.8908,0.417578,0.573703,0.14439,0.356069,-1.79115,-2.03419,-1.68431,-1.8622,-1.04433,0.00980469,0.000166181,0.0388864,-0.0451326,0.0107858,-0.00807737,-0.00916702,-0.00729036,0.010988,-0.00056453,-0.00422095,-0.00331743,0.683366,0.728226,0.0519422,0.728144,-0.685003,0.0240321,0.0530814,0.0213987,-0.998361,0.145394,0.298023,-0.648412,
-4.18186,-14.202,17.8908,0.417578,0.573703,0.14439,0.356069,-1.79115,-2.03419,-1.68431,-1.8622,-1.04433,0.00980469,0.000166181,0.0388864,-0.0451326,0.0107858,-0.00807737,-0.00916702,-0.00729036,0.010988,-0.00056453,-0.00422095,-0.00331743,0.683366,0.728226,0.0519422,0.728144,-0.685003,0.0240321,0.0530814,0.0213987,-0.998361,0.145394,0.298023,-0.648412,
-4.18186,-14.202,17.8908,0.417578,0.573703,0.14439,0.356069,-1.79115,-2.03419,-1.68431,-1.8622,-1.04433,0.00980469,0.000166181,0.0388864,-0.0451326,0.0107858,-0.00807737,-0.00916702,-0.00729036,0.010988,-0.00056453,-0.00422095,-0.00331743,0.683366,0.728226,0.0519422,0.728144,-0.685003,0.0240321,0.0530814,0.0213987,-0.998361,0.145394,0.298023,-0.648412,
-4.18186,-14.202,17.8908,0.417578,0.573703,0.14439,0.356069,-1.79115,-2.03419,-1.68431,-1.8622,-1.04433,0.00980469,0.000166181,0.0388864,-0.0451326,0.0107858,-0.00807737,-0.00916702,-0.00729036,0.010988,-0.00056453,-0.00422095,-0.00331743,0.683366,0.728226,0.0519422,0.728144,-0.685003,0.0240321,0.0530814,0.0213987,-0.998361,0.145394,0.298023,-0.648412,
-4.18186,-14.202,17.8908,0.417578,0.573703,0.14439,0.356069,-1.79115,-2.03419,-1.68431,-1.8622,-1.04433,0.00980469,0.000166181,0.0388864,-0.0451326,0.0107858,-0.00807737,-0.00916702,-0.00729036,0.010988,-0.00056453,-0.00422095,-0.00331743,0.683366,0.728226,0.0519422,0.728144,-0.685003,0.0240321,0.0530814,0.0213987,-0.998361,0.145394,0.298023,-0.648412,
-4.18186,-14.202,17.8908,0.417578,0.573703,0.14439,0.356069,-1.79115,-2.03419,-1.68431,-1.8622,-1.04433,0.00980469,0.000166181,0.0388864,-0.0451326,0.0107858,-0.00807737,-0.00916702,-0.00729036,0.010988,-0.00056453,-0.00422095,-0.00331743,0.683366,0.728226,0.0519422,0.728144,-0.685003,0.0240321,0.0530814,0.0213987,-0.998361,0.145394,0.298023,-0.648412,
-4.18186,-14.202,17.8908,0.417578,0.573703,0.14439,0.356069,-1.79115,-2.03419,-1.68431,-1.8622,-1.04433,0.00980469,0.000166181,0.0388864,-0.0451326,0.0107858,-0.00807737,-0.00916702,-0.00729036,0.010988,-0.00056453,-0.00422095,-0.00331743,0.683366,0.728226,0.0519422,0.728144,-0.685003,0.0240321,0.0530814,0.0213987,-0.998361,0.145394,0.298023,-0.648412,
-4.18186,-14.202,17.8908,0.417578,0.573703,0.14439,0.356069,-1.79115,-2.03419,-1.68431,-1.8622,-1.04433,0.00980469,0.000166181,0.0388864,-0.0451326,0.0107858,-0.00807737,-0.00916702,-0.00729036,0.010988,-0.00056453,-0.00422095,-0.00331743,0.683366,0.728226,0.0519422,0.728144,-0.685003,0.0240321,0.0530814,0.0213987,-0.998361,0.145394,0.298023,-0.648412,
-4.18186,-14.202,17.8908,0.417578,0.573703,0.14439,0.356069,-1.79115,-2.03419,-1.68431,-1.8622,-1.04433,0.00980469,0.000166181,0.0388864,-0.0451326,0.0107858,-0.00807737,-0.00916702,-0.00729036,0.010988,-0.00056453,-0.00422095,-0.00331743,0.683366,0.728226,0.0519422,0.728144,-0.685003,0.0240321,0.0530814,0.0213987,-0.998361,0.145394,0.298023,-0.648412,
-4.18186,-14.202,17.8908,0.417578,0.573703,0.14439,0.356069,-1.79115,-2.03419,-1.68431,-1.8622,-1.04433,0.00980469,0.000166181,0.0388864,-0.0451326,0.0107858,-0.00807737,-0.00916702,-0.00729036,0.010988,-0.00056453,-0.00422095,-0.00331743,0.683366,0.728226,0.0519422,0.728144,-0.685003,0.0240321,0.0530814,0.0213987,-0.998361,0.145394,0.298023,-0.648412,
-4.18186,-14.202,17.8908,0.417578,0.573703,0.14439,0.356069,-1.79115,-2.03419,-1.68431,-1.8622,-1.04433,0.00980469,0.000166181,0.0388864,-0.0451326,0.0107858,-0.00807737,-0.00916702,-0.00729036,0.010988,-0.00056453,-0.00422095,-0.00331743,0.683366,0.728226,0.0519422,0.728144,-0.685003,0.0240321,0.0530814,0.0213987,-0.998361,0.145394,0.298023,-0.648412,
-4.18186,-14.202,17.8908,0.417578,0.573703,0.14439,0.356069,-1.79115,-2.03419,-1.68431,-1.8622,-1.04433,0.00980469,0.000166181,0.0388864,-0.0451326,0.0107858,-0.00807737,-0.00916702,-0.00729036,0.010988,-0.00056453,-0.00422095,-0.00331743,0.683366,0.728226,0.0519422,0.728144,-0.685003,0.0240321,0.0530814,0.0213987,-0.998361,0.145394,0.298023,-0.648412,
-4.18186,-14.202,17.8908,0.417578,0.573703,0.14439,0.356069,-1.79115,-2.03419,-1.68431,-1.8622,-1.04433,0.00980469,0.000166181,0.0388864,-0.0451326,0.0107858,-0.00807737,-0.00916702,-0.00729036,0.010988,-0.00056453,-0.00422095,-0.00331743,0.683366,0.728226,0.0519422,0.728144,-0.685003,0.0240321,0.0530814,0.0213987,-0.998361,0.145394,0.298023,-0.648412,
-4.18186,-14.202,17.8908,0.417578,0.573703,0.14439,0.356069,-1.79115,-2.03419,-1.68431,-1.8622,-1.04433,0.00980469,0.000166181,0.0388864,-0.0451326,0.0107858,-0.00807737,-0.00916702,-0.00729036,0.010988,-0.00056453,-0.00422095,-0.00331743,0.683366,0.728226,0.0519422,0.728144,-0.685003,0.0240321,0.0530814,0.0213987,-0.998361,0.145394,0.298023,-0.648412,
-4.18186,-14.202,17.8908,0.417578,0.573703,0.14439,0.356069,-1.79115,-2.03419,-1.68431,-1.8622,-1.04433,0.00980469,0.000166181,0.0388864,-0.0451326,0.0107858,-0.00807737,-0.00916702,-0.00729036,0.010988,-0.00056453,-0.00422095,-0.00331743,0.683366,0.728226,0.0519422,0.728144,-0.685003,0.0240321,0.0530814,0.0213987,-0.998361,0.145394,0.298023,-0.648412,
-4.18186,-14.202,17.8908,0.417578,0.573703,0.14439,0.356069,-1.79115,-2.03419,-1.68431,-1.8622,-1.04433,0.00980469,0.000166181,0.0388864,-0.0451326,0.0107858,-0.00807737,-0.00916702,-0.00729036,0.010988,-0.00056453,-0.00422095,-0.00331743,0.683366,0.728226,0.0519422,0.728144,-0.685003,0.0240321,0.0530814,0.0213987,-0.998361,0.145394,0.298023,-0.648412,
-4.18186,-14.202,17.8908,0.417578,0.573703,0.14439,0.356069,-1.79115,-2.03419,-1.68431,-1.8622,-1.04433,0.00980469,0.000166181,0.0388864,-0.0451326,0.0107858,-0.00807737,-0.00916702,-0.00729036,0.010988,-0.00056453,-0.00422095,-0.00331743,0.683366,0.728226,0.0519422,0.728144,-0.685003,0.0240321,0.0530814,0.0213987,-0.998361,0.145394,0.298023,-0.648412,
-4.18186,-14.202,17.8908,0.417578,0.573703,0.14439,0.356069,-1.79115,-2.03419,-1.68431,-1.8622,-1.04433,0.00980469,0.000166181,0.0388864,-0.0451326,0.0107858,-0.00807737,-0.00916702,-0.00729036,0.010988,-0.00056453,-0.00422095,-0.00331743,0.683366,0.728226,0.0519422,0.728144,-0.685003,0.0240321,0.0530814,0.0213987,-0.998361,0.145394,0.298023,-0.648412,
-4.18186,-14.202,17.8908,0.417578,0.573703,0.14439,0.356069,-1.79115,-2.03419,-1.68431,-1.8622,-1.04433,0.00980469,0.000166181,0.0388864,-0.0451326,0.0107858,-0.00807737,-0.00916702,-0.00729036,0.010988,-0.00056453,-0.00422095,-0.00331743,0.683366,0.728226,0.0519422,0.728144,-0.685003,0.0240321,0.0530814,0.0213987,-0.998361,0.145394,0.298023,-0.648412,
